# x f(x) derivative
-3 0.0497871 0.0497871
-2.995 0.0500366 0.0500366
-2.99 0.0502874 0.0502874
-2.985 0.0505395 0.0505395
-2.98 0.0507928 0.0507928
-2.975 0.0510474 0.0510474
-2.97 0.0513033 0.0513033
-2.965 0.0515605 0.0515605
-2.96 0.0518189 0.0518189
-2.955 0.0520787 0.0520787
-2.95 0.0523397 0.0523397
-2.945 0.0526021 0.0526021
-2.94 0.0528657 0.0528657
-2.935 0.0531307 0.0531307
-2.93 0.053397 0.053397
-2.925 0.0536647 0.0536647
-2.92 0.0539337 0.0539337
-2.915 0.054204 0.054204
-2.91 0.0544757 0.0544757
-2.905 0.0547488 0.0547488
-2.9 0.0550232 0.0550232
-2.895 0.055299 0.055299
-2.89 0.0555762 0.0555762
-2.885 0.0558548 0.0558548
-2.88 0.0561348 0.0561348
-2.875 0.0564161 0.0564161
-2.87 0.0566989 0.0566989
-2.865 0.0569831 0.0569831
-2.86 0.0572688 0.0572688
-2.855 0.0575558 0.0575558
-2.85 0.0578443 0.0578443
-2.845 0.0581343 0.0581343
-2.84 0.0584257 0.0584257
-2.835 0.0587185 0.0587185
-2.83 0.0590129 0.0590129
-2.825 0.0593087 0.0593087
-2.82 0.0596059 0.0596059
-2.815 0.0599047 0.0599047
-2.81 0.060205 0.060205
-2.805 0.0605068 0.0605068
-2.8 0.0608101 0.0608101
-2.795 0.0611149 0.0611149
-2.79 0.0614212 0.0614212
-2.785 0.0617291 0.0617291
-2.78 0.0620385 0.0620385
-2.775 0.0623495 0.0623495
-2.77 0.062662 0.062662
-2.765 0.0629761 0.0629761
-2.76 0.0632918 0.0632918
-2.755 0.063609 0.063609
-2.75 0.0639279 0.0639279
-2.745 0.0642483 0.0642483
-2.74 0.0645703 0.0645703
-2.735 0.064894 0.064894
-2.73 0.0652193 0.0652193
-2.725 0.0655462 0.0655462
-2.72 0.0658748 0.0658748
-2.715 0.066205 0.066205
-2.71 0.0665368 0.0665368
-2.705 0.0668703 0.0668703
-2.7 0.0672055 0.0672055
-2.695 0.0675424 0.0675424
-2.69 0.0678809 0.0678809
-2.685 0.0682212 0.0682212
-2.68 0.0685632 0.0685632
-2.675 0.0689068 0.0689068
-2.67 0.0692522 0.0692522
-2.665 0.0695994 0.0695994
-2.66 0.0699482 0.0699482
-2.655 0.0702988 0.0702988
-2.65 0.0706512 0.0706512
-2.645 0.0710054 0.0710054
-2.64 0.0713613 0.0713613
-2.635 0.071719 0.071719
-2.63 0.0720785 0.0720785
-2.625 0.0724398 0.0724398
-2.62 0.0728029 0.0728029
-2.615 0.0731678 0.0731678
-2.61 0.0735345 0.0735345
-2.605 0.0739031 0.0739031
-2.6 0.0742736 0.0742736
-2.595 0.0746459 0.0746459
-2.59 0.07502 0.07502
-2.585 0.0753961 0.0753961
-2.58 0.075774 0.075774
-2.575 0.0761538 0.0761538
-2.57 0.0765355 0.0765355
-2.565 0.0769192 0.0769192
-2.56 0.0773047 0.0773047
-2.555 0.0776922 0.0776922
-2.55 0.0780817 0.0780817
-2.545 0.0784731 0.0784731
-2.54 0.0788664 0.0788664
-2.535 0.0792617 0.0792617
-2.53 0.079659 0.079659
-2.525 0.0800583 0.0800583
-2.52 0.0804596 0.0804596
-2.515 0.0808629 0.0808629
-2.51 0.0812682 0.0812682
-2.505 0.0816756 0.0816756
-2.5 0.082085 0.082085
-2.495 0.0824965 0.0824965
-2.49 0.08291 0.08291
-2.485 0.0833256 0.0833256
-2.48 0.0837432 0.0837432
-2.475 0.084163 0.084163
-2.47 0.0845849 0.0845849
-2.465 0.0850088 0.0850088
-2.46 0.085435 0.085435
-2.455 0.0858632 0.0858632
-2.45 0.0862936 0.0862936
-2.445 0.0867261 0.0867261
-2.44 0.0871609 0.0871609
-2.435 0.0875977 0.0875977
-2.43 0.0880368 0.0880368
-2.425 0.0884781 0.0884781
-2.42 0.0889216 0.0889216
-2.415 0.0893673 0.0893673
-2.41 0.0898153 0.0898153
-2.405 0.0902655 0.0902655
-2.4 0.090718 0.090718
-2.395 0.0911727 0.0911727
-2.39 0.0916297 0.0916297
-2.385 0.092089 0.092089
-2.38 0.0925506 0.0925506
-2.375 0.0930145 0.0930145
-2.37 0.0934807 0.0934807
-2.365 0.0939493 0.0939493
-2.36 0.0944202 0.0944202
-2.355 0.0948935 0.0948935
-2.35 0.0953692 0.0953692
-2.345 0.0958472 0.0958472
-2.34 0.0963276 0.0963276
-2.335 0.0968105 0.0968105
-2.33 0.0972957 0.0972957
-2.325 0.0977834 0.0977834
-2.32 0.0982736 0.0982736
-2.315 0.0987662 0.0987662
-2.31 0.0992613 0.0992613
-2.305 0.0997588 0.0997588
-2.3 0.100259 0.100259
-2.295 0.100761 0.100761
-2.29 0.101266 0.101266
-2.285 0.101774 0.101774
-2.28 0.102284 0.102284
-2.275 0.102797 0.102797
-2.27 0.103312 0.103312
-2.265 0.10383 0.10383
-2.26 0.10435 0.10435
-2.255 0.104874 0.104874
-2.25 0.105399 0.105399
-2.245 0.105928 0.105928
-2.24 0.106459 0.106459
-2.235 0.106992 0.106992
-2.23 0.107528 0.107528
-2.225 0.108067 0.108067
-2.22 0.108609 0.108609
-2.215 0.109154 0.109154
-2.21 0.109701 0.109701
-2.205 0.110251 0.110251
-2.2 0.110803 0.110803
-2.195 0.111359 0.111359
-2.19 0.111917 0.111917
-2.185 0.112478 0.112478
-2.18 0.113042 0.113042
-2.175 0.113608 0.113608
-2.17 0.114178 0.114178
-2.165 0.11475 0.11475
-2.16 0.115325 0.115325
-2.155 0.115903 0.115903
-2.15 0.116484 0.116484
-2.145 0.117068 0.117068
-2.14 0.117655 0.117655
-2.135 0.118245 0.118245
-2.13 0.118837 0.118837
-2.125 0.119433 0.119433
-2.12 0.120032 0.120032
-2.115 0.120633 0.120633
-2.11 0.121238 0.121238
-2.105 0.121846 0.121846
-2.1 0.122456 0.122456
-2.095 0.12307 0.12307
-2.09 0.123687 0.123687
-2.085 0.124307 0.124307
-2.08 0.12493 0.12493
-2.075 0.125556 0.125556
-2.07 0.126186 0.126186
-2.065 0.126818 0.126818
-2.06 0.127454 0.127454
-2.055 0.128093 0.128093
-2.05 0.128735 0.128735
-2.045 0.12938 0.12938
-2.04 0.130029 0.130029
-2.035 0.13068 0.13068
-2.03 0.131336 0.131336
-2.025 0.131994 0.131994
-2.02 0.132655 0.132655
-2.015 0.13332 0.13332
-2.01 0.133989 0.133989
-2.005 0.13466 0.13466
-2 0.135335 0.135335
-1.995 0.136014 0.136014
-1.99 0.136695 0.136695
-1.985 0.137381 0.137381
-1.98 0.138069 0.138069
-1.975 0.138761 0.138761
-1.97 0.139457 0.139457
-1.965 0.140156 0.140156
-1.96 0.140858 0.140858
-1.955 0.141564 0.141564
-1.95 0.142274 0.142274
-1.945 0.142987 0.142987
-1.94 0.143704 0.143704
-1.935 0.144424 0.144424
-1.93 0.145148 0.145148
-1.925 0.145876 0.145876
-1.92 0.146607 0.146607
-1.915 0.147342 0.147342
-1.91 0.14808 0.14808
-1.905 0.148823 0.148823
-1.9 0.149569 0.149569
-1.895 0.150318 0.150318
-1.89 0.151072 0.151072
-1.885 0.151829 0.151829
-1.88 0.15259 0.15259
-1.875 0.153355 0.153355
-1.87 0.154124 0.154124
-1.865 0.154896 0.154896
-1.86 0.155673 0.155673
-1.855 0.156453 0.156453
-1.85 0.157237 0.157237
-1.845 0.158025 0.158025
-1.84 0.158817 0.158817
-1.835 0.159614 0.159614
-1.83 0.160414 0.160414
-1.825 0.161218 0.161218
-1.82 0.162026 0.162026
-1.815 0.162838 0.162838
-1.81 0.163654 0.163654
-1.805 0.164474 0.164474
-1.8 0.165299 0.165299
-1.795 0.166127 0.166127
-1.79 0.16696 0.16696
-1.785 0.167797 0.167797
-1.78 0.168638 0.168638
-1.775 0.169483 0.169483
-1.77 0.170333 0.170333
-1.765 0.171187 0.171187
-1.76 0.172045 0.172045
-1.755 0.172907 0.172907
-1.75 0.173774 0.173774
-1.745 0.174645 0.174645
-1.74 0.17552 0.17552
-1.735 0.1764 0.1764
-1.73 0.177284 0.177284
-1.725 0.178173 0.178173
-1.72 0.179066 0.179066
-1.715 0.179964 0.179964
-1.71 0.180866 0.180866
-1.705 0.181772 0.181772
-1.7 0.182684 0.182684
-1.695 0.183599 0.183599
-1.69 0.18452 0.18452
-1.685 0.185444 0.185444
-1.68 0.186374 0.186374
-1.675 0.187308 0.187308
-1.67 0.188247 0.188247
-1.665 0.189191 0.189191
-1.66 0.190139 0.190139
-1.655 0.191092 0.191092
-1.65 0.19205 0.19205
-1.645 0.193013 0.193013
-1.64 0.19398 0.19398
-1.635 0.194952 0.194952
-1.63 0.19593 0.19593
-1.625 0.196912 0.196912
-1.62 0.197899 0.197899
-1.615 0.198891 0.198891
-1.61 0.199888 0.199888
-1.605 0.20089 0.20089
-1.6 0.201897 0.201897
-1.595 0.202909 0.202909
-1.59 0.203926 0.203926
-1.585 0.204948 0.204948
-1.58 0.205975 0.205975
-1.575 0.207008 0.207008
-1.57 0.208045 0.208045
-1.565 0.209088 0.209088
-1.56 0.210136 0.210136
-1.555 0.211189 0.211189
-1.55 0.212248 0.212248
-1.545 0.213312 0.213312
-1.54 0.214381 0.214381
-1.535 0.215456 0.215456
-1.53 0.216536 0.216536
-1.525 0.217621 0.217621
-1.52 0.218712 0.218712
-1.515 0.219808 0.219808
-1.51 0.22091 0.22091
-1.505 0.222017 0.222017
-1.5 0.22313 0.22313
-1.495 0.224249 0.224249
-1.49 0.225373 0.225373
-1.485 0.226502 0.226502
-1.48 0.227638 0.227638
-1.475 0.228779 0.228779
-1.47 0.229925 0.229925
-1.465 0.231078 0.231078
-1.46 0.232236 0.232236
-1.455 0.2334 0.2334
-1.45 0.23457 0.23457
-1.445 0.235746 0.235746
-1.44 0.236928 0.236928
-1.435 0.238115 0.238115
-1.43 0.239309 0.239309
-1.425 0.240508 0.240508
-1.42 0.241714 0.241714
-1.415 0.242926 0.242926
-1.41 0.244143 0.244143
-1.405 0.245367 0.245367
-1.4 0.246597 0.246597
-1.395 0.247833 0.247833
-1.39 0.249075 0.249075
-1.385 0.250324 0.250324
-1.38 0.251579 0.251579
-1.375 0.25284 0.25284
-1.37 0.254107 0.254107
-1.365 0.255381 0.255381
-1.36 0.256661 0.256661
-1.355 0.257947 0.257947
-1.35 0.25924 0.25924
-1.345 0.26054 0.26054
-1.34 0.261846 0.261846
-1.335 0.263158 0.263158
-1.33 0.264477 0.264477
-1.325 0.265803 0.265803
-1.32 0.267135 0.267135
-1.315 0.268474 0.268474
-1.31 0.26982 0.26982
-1.305 0.271173 0.271173
-1.3 0.272532 0.272532
-1.295 0.273898 0.273898
-1.29 0.275271 0.275271
-1.285 0.276651 0.276651
-1.28 0.278037 0.278037
-1.275 0.279431 0.279431
-1.27 0.280832 0.280832
-1.265 0.282239 0.282239
-1.26 0.283654 0.283654
-1.255 0.285076 0.285076
-1.25 0.286505 0.286505
-1.245 0.287941 0.287941
-1.24 0.289384 0.289384
-1.235 0.290835 0.290835
-1.23 0.292293 0.292293
-1.225 0.293758 0.293758
-1.22 0.29523 0.29523
-1.215 0.29671 0.29671
-1.21 0.298197 0.298197
-1.205 0.299692 0.299692
-1.2 0.301194 0.301194
-1.195 0.302704 0.302704
-1.19 0.304221 0.304221
-1.185 0.305746 0.305746
-1.18 0.307279 0.307279
-1.175 0.308819 0.308819
-1.17 0.310367 0.310367
-1.165 0.311923 0.311923
-1.16 0.313486 0.313486
-1.155 0.315058 0.315058
-1.15 0.316637 0.316637
-1.145 0.318224 0.318224
-1.14 0.319819 0.319819
-1.135 0.321422 0.321422
-1.13 0.323033 0.323033
-1.125 0.324652 0.324652
-1.12 0.32628 0.32628
-1.115 0.327915 0.327915
-1.11 0.329559 0.329559
-1.105 0.331211 0.331211
-1.1 0.332871 0.332871
-1.095 0.33454 0.33454
-1.09 0.336216 0.336216
-1.085 0.337902 0.337902
-1.08 0.339596 0.339596
-1.075 0.341298 0.341298
-1.07 0.343009 0.343009
-1.065 0.344728 0.344728
-1.06 0.346456 0.346456
-1.055 0.348192 0.348192
-1.05 0.349938 0.349938
-1.045 0.351692 0.351692
-1.04 0.353455 0.353455
-1.035 0.355226 0.355226
-1.03 0.357007 0.357007
-1.025 0.358796 0.358796
-1.02 0.360595 0.360595
-1.015 0.362402 0.362402
-1.01 0.364219 0.364219
-1.005 0.366045 0.366045
-1 0.367879 0.367879
-0.995 0.369723 0.369723
-0.99 0.371577 0.371577
-0.985 0.373439 0.373439
-0.98 0.375311 0.375311
-0.975 0.377192 0.377192
-0.97 0.379083 0.379083
-0.965 0.380983 0.380983
-0.96 0.382893 0.382893
-0.955 0.384812 0.384812
-0.95 0.386741 0.386741
-0.945 0.38868 0.38868
-0.94 0.390628 0.390628
-0.935 0.392586 0.392586
-0.93 0.394554 0.394554
-0.925 0.396531 0.396531
-0.92 0.398519 0.398519
-0.915 0.400517 0.400517
-0.91 0.402524 0.402524
-0.905 0.404542 0.404542
-0.9 0.40657 0.40657
-0.895 0.408608 0.408608
-0.89 0.410656 0.410656
-0.885 0.412714 0.412714
-0.88 0.414783 0.414783
-0.875 0.416862 0.416862
-0.87 0.418952 0.418952
-0.865 0.421052 0.421052
-0.86 0.423162 0.423162
-0.855 0.425283 0.425283
-0.85 0.427415 0.427415
-0.845 0.429557 0.429557
-0.84 0.431711 0.431711
-0.835 0.433874 0.433874
-0.83 0.436049 0.436049
-0.825 0.438235 0.438235
-0.82 0.440432 0.440432
-0.815 0.442639 0.442639
-0.81 0.444858 0.444858
-0.805 0.447088 0.447088
-0.8 0.449329 0.449329
-0.795 0.451581 0.451581
-0.79 0.453845 0.453845
-0.785 0.45612 0.45612
-0.78 0.458406 0.458406
-0.775 0.460704 0.460704
-0.77 0.463013 0.463013
-0.765 0.465334 0.465334
-0.76 0.467666 0.467666
-0.755 0.470011 0.470011
-0.75 0.472367 0.472367
-0.745 0.474734 0.474734
-0.74 0.477114 0.477114
-0.735 0.479505 0.479505
-0.73 0.481909 0.481909
-0.725 0.484325 0.484325
-0.72 0.486752 0.486752
-0.715 0.489192 0.489192
-0.71 0.491644 0.491644
-0.705 0.494109 0.494109
-0.7 0.496585 0.496585
-0.695 0.499074 0.499074
-0.69 0.501576 0.501576
-0.685 0.50409 0.50409
-0.68 0.506617 0.506617
-0.675 0.509156 0.509156
-0.67 0.511709 0.511709
-0.665 0.514274 0.514274
-0.66 0.516851 0.516851
-0.655 0.519442 0.519442
-0.65 0.522046 0.522046
-0.645 0.524663 0.524663
-0.64 0.527292 0.527292
-0.635 0.529935 0.529935
-0.63 0.532592 0.532592
-0.625 0.535261 0.535261
-0.62 0.537944 0.537944
-0.615 0.540641 0.540641
-0.61 0.543351 0.543351
-0.605 0.546074 0.546074
-0.6 0.548812 0.548812
-0.595 0.551563 0.551563
-0.59 0.554327 0.554327
-0.585 0.557106 0.557106
-0.58 0.559898 0.559898
-0.575 0.562705 0.562705
-0.57 0.565525 0.565525
-0.565 0.56836 0.56836
-0.56 0.571209 0.571209
-0.555 0.574072 0.574072
-0.55 0.57695 0.57695
-0.545 0.579842 0.579842
-0.54 0.582748 0.582748
-0.535 0.585669 0.585669
-0.53 0.588605 0.588605
-0.525 0.591555 0.591555
-0.52 0.594521 0.594521
-0.515 0.597501 0.597501
-0.51 0.600496 0.600496
-0.505 0.603506 0.603506
-0.5 0.606531 0.606531
-0.495 0.609571 0.609571
-0.49 0.612626 0.612626
-0.485 0.615697 0.615697
-0.48 0.618783 0.618783
-0.475 0.621885 0.621885
-0.47 0.625002 0.625002
-0.465 0.628135 0.628135
-0.46 0.631284 0.631284
-0.455 0.634448 0.634448
-0.45 0.637628 0.637628
-0.445 0.640824 0.640824
-0.44 0.644036 0.644036
-0.435 0.647265 0.647265
-0.43 0.650509 0.650509
-0.425 0.65377 0.65377
-0.42 0.657047 0.657047
-0.415 0.66034 0.66034
-0.41 0.66365 0.66365
-0.405 0.666977 0.666977
-0.4 0.67032 0.67032
-0.395 0.67368 0.67368
-0.39 0.677057 0.677057
-0.385 0.680451 0.680451
-0.38 0.683861 0.683861
-0.375 0.687289 0.687289
-0.37 0.690734 0.690734
-0.365 0.694197 0.694197
-0.36 0.697676 0.697676
-0.355 0.701173 0.701173
-0.35 0.704688 0.704688
-0.345 0.70822 0.70822
-0.34 0.71177 0.71177
-0.335 0.715338 0.715338
-0.33 0.718924 0.718924
-0.325 0.722527 0.722527
-0.32 0.726149 0.726149
-0.315 0.729789 0.729789
-0.31 0.733447 0.733447
-0.305 0.737123 0.737123
-0.3 0.740818 0.740818
-0.295 0.744532 0.744532
-0.29 0.748264 0.748264
-0.285 0.752014 0.752014
-0.28 0.755784 0.755784
-0.275 0.759572 0.759572
-0.27 0.763379 0.763379
-0.265 0.767206 0.767206
-0.26 0.771052 0.771052
-0.255 0.774916 0.774916
-0.25 0.778801 0.778801
-0.245 0.782705 0.782705
-0.24 0.786628 0.786628
-0.235 0.790571 0.790571
-0.23 0.794534 0.794534
-0.225 0.798516 0.798516
-0.22 0.802519 0.802519
-0.215 0.806541 0.806541
-0.21 0.810584 0.810584
-0.205 0.814647 0.814647
-0.2 0.818731 0.818731
-0.195 0.822835 0.822835
-0.19 0.826959 0.826959
-0.185 0.831104 0.831104
-0.18 0.83527 0.83527
-0.175 0.839457 0.839457
-0.17 0.843665 0.843665
-0.165 0.847894 0.847894
-0.16 0.852144 0.852144
-0.155 0.856415 0.856415
-0.15 0.860708 0.860708
-0.145 0.865022 0.865022
-0.14 0.869358 0.869358
-0.135 0.873716 0.873716
-0.13 0.878095 0.878095
-0.125 0.882497 0.882497
-0.12 0.88692 0.88692
-0.115 0.891366 0.891366
-0.11 0.895834 0.895834
-0.105 0.900325 0.900325
-0.1 0.904837 0.904837
-0.095 0.909373 0.909373
-0.09 0.913931 0.913931
-0.085 0.918512 0.918512
-0.08 0.923116 0.923116
-0.075 0.927743 0.927743
-0.07 0.932394 0.932394
-0.065 0.937067 0.937067
-0.06 0.941765 0.941765
-0.055 0.946485 0.946485
-0.05 0.951229 0.951229
-0.045 0.955997 0.955997
-0.04 0.960789 0.960789
-0.035 0.965605 0.965605
-0.03 0.970446 0.970446
-0.025 0.97531 0.97531
-0.02 0.980199 0.980199
-0.015 0.985112 0.985112
-0.01 0.99005 0.99005
-0.005 0.995012 0.995012
-4.1812e-14 1 1
0.005 1.00501 1.00501
0.01 1.01005 1.01005
0.015 1.01511 1.01511
0.02 1.0202 1.0202
0.025 1.02532 1.02532
0.03 1.03045 1.03045
0.035 1.03562 1.03562
0.04 1.04081 1.04081
0.045 1.04603 1.04603
0.05 1.05127 1.05127
0.055 1.05654 1.05654
0.06 1.06184 1.06184
0.065 1.06716 1.06716
0.07 1.07251 1.07251
0.075 1.07788 1.07788
0.08 1.08329 1.08329
0.085 1.08872 1.08872
0.09 1.09417 1.09417
0.095 1.09966 1.09966
0.1 1.10517 1.10517
0.105 1.11071 1.11071
0.11 1.11628 1.11628
0.115 1.12187 1.12187
0.12 1.1275 1.1275
0.125 1.13315 1.13315
0.13 1.13883 1.13883
0.135 1.14454 1.14454
0.14 1.15027 1.15027
0.145 1.15604 1.15604
0.15 1.16183 1.16183
0.155 1.16766 1.16766
0.16 1.17351 1.17351
0.165 1.17939 1.17939
0.17 1.1853 1.1853
0.175 1.19125 1.19125
0.18 1.19722 1.19722
0.185 1.20322 1.20322
0.19 1.20925 1.20925
0.195 1.21531 1.21531
0.2 1.2214 1.2214
0.205 1.22753 1.22753
0.21 1.23368 1.23368
0.215 1.23986 1.23986
0.22 1.24608 1.24608
0.225 1.25232 1.25232
0.23 1.2586 1.2586
0.235 1.26491 1.26491
0.24 1.27125 1.27125
0.245 1.27762 1.27762
0.25 1.28403 1.28403
0.255 1.29046 1.29046
0.26 1.29693 1.29693
0.265 1.30343 1.30343
0.27 1.30996 1.30996
0.275 1.31653 1.31653
0.28 1.32313 1.32313
0.285 1.32976 1.32976
0.29 1.33643 1.33643
0.295 1.34313 1.34313
0.3 1.34986 1.34986
0.305 1.35663 1.35663
0.31 1.36343 1.36343
0.315 1.37026 1.37026
0.32 1.37713 1.37713
0.325 1.38403 1.38403
0.33 1.39097 1.39097
0.335 1.39794 1.39794
0.34 1.40495 1.40495
0.345 1.41199 1.41199
0.35 1.41907 1.41907
0.355 1.42618 1.42618
0.36 1.43333 1.43333
0.365 1.44051 1.44051
0.37 1.44773 1.44773
0.375 1.45499 1.45499
0.38 1.46228 1.46228
0.385 1.46961 1.46961
0.39 1.47698 1.47698
0.395 1.48438 1.48438
0.4 1.49182 1.49182
0.405 1.4993 1.4993
0.41 1.50682 1.50682
0.415 1.51437 1.51437
0.42 1.52196 1.52196
0.425 1.52959 1.52959
0.43 1.53726 1.53726
0.435 1.54496 1.54496
0.44 1.55271 1.55271
0.445 1.56049 1.56049
0.45 1.56831 1.56831
0.455 1.57617 1.57617
0.46 1.58407 1.58407
0.465 1.59201 1.59201
0.47 1.59999 1.59999
0.475 1.60801 1.60801
0.48 1.61607 1.61607
0.485 1.62418 1.62418
0.49 1.63232 1.63232
0.495 1.6405 1.6405
0.5 1.64872 1.64872
0.505 1.65699 1.65699
0.51 1.66529 1.66529
0.515 1.67364 1.67364
0.52 1.68203 1.68203
0.525 1.69046 1.69046
0.53 1.69893 1.69893
0.535 1.70745 1.70745
0.54 1.71601 1.71601
0.545 1.72461 1.72461
0.55 1.73325 1.73325
0.555 1.74194 1.74194
0.56 1.75067 1.75067
0.565 1.75945 1.75945
0.57 1.76827 1.76827
0.575 1.77713 1.77713
0.58 1.78604 1.78604
0.585 1.79499 1.79499
0.59 1.80399 1.80399
0.595 1.81303 1.81303
0.6 1.82212 1.82212
0.605 1.83125 1.83125
0.61 1.84043 1.84043
0.615 1.84966 1.84966
0.62 1.85893 1.85893
0.625 1.86825 1.86825
0.63 1.87761 1.87761
0.635 1.88702 1.88702
0.64 1.89648 1.89648
0.645 1.90599 1.90599
0.65 1.91554 1.91554
0.655 1.92514 1.92514
0.66 1.93479 1.93479
0.665 1.94449 1.94449
0.67 1.95424 1.95424
0.675 1.96403 1.96403
0.68 1.97388 1.97388
0.685 1.98377 1.98377
0.69 1.99372 1.99372
0.695 2.00371 2.00371
0.7 2.01375 2.01375
0.705 2.02385 2.02385
0.71 2.03399 2.03399
0.715 2.04419 2.04419
0.72 2.05443 2.05443
0.725 2.06473 2.06473
0.73 2.07508 2.07508
0.735 2.08548 2.08548
0.74 2.09594 2.09594
0.745 2.10644 2.10644
0.75 2.117 2.117
0.755 2.12761 2.12761
0.76 2.13828 2.13828
0.765 2.14899 2.14899
0.77 2.15977 2.15977
0.775 2.17059 2.17059
0.78 2.18147 2.18147
0.785 2.19241 2.19241
0.79 2.2034 2.2034
0.795 2.21444 2.21444
0.8 2.22554 2.22554
0.805 2.2367 2.2367
0.81 2.24791 2.24791
0.815 2.25918 2.25918
0.82 2.2705 2.2705
0.825 2.28188 2.28188
0.83 2.29332 2.29332
0.835 2.30481 2.30481
0.84 2.31637 2.31637
0.845 2.32798 2.32798
0.85 2.33965 2.33965
0.855 2.35137 2.35137
0.86 2.36316 2.36316
0.865 2.37501 2.37501
0.87 2.38691 2.38691
0.875 2.39888 2.39888
0.88 2.4109 2.4109
0.885 2.42298 2.42298
0.89 2.43513 2.43513
0.895 2.44734 2.44734
0.9 2.4596 2.4596
0.905 2.47193 2.47193
0.91 2.48432 2.48432
0.915 2.49678 2.49678
0.92 2.50929 2.50929
0.925 2.52187 2.52187
0.93 2.53451 2.53451
0.935 2.54721 2.54721
0.94 2.55998 2.55998
0.945 2.57281 2.57281
0.95 2.58571 2.58571
0.955 2.59867 2.59867
0.96 2.6117 2.6117
0.965 2.62479 2.62479
0.97 2.63794 2.63794
0.975 2.65117 2.65117
0.98 2.66446 2.66446
0.985 2.67781 2.67781
0.99 2.69123 2.69123
0.995 2.70472 2.70472
1 2.71828 2.71828
1.005 2.73191 2.73191
1.01 2.7456 2.7456
1.015 2.75936 2.75936
1.02 2.77319 2.77319
1.025 2.7871 2.7871
1.03 2.80107 2.80107
1.035 2.81511 2.81511
1.04 2.82922 2.82922
1.045 2.8434 2.8434
1.05 2.85765 2.85765
1.055 2.87198 2.87198
1.06 2.88637 2.88637
1.065 2.90084 2.90084
1.07 2.91538 2.91538
1.075 2.92999 2.92999
1.08 2.94468 2.94468
1.085 2.95944 2.95944
1.09 2.97427 2.97427
1.095 2.98918 2.98918
1.1 3.00417 3.00417
1.105 3.01922 3.01922
1.11 3.03436 3.03436
1.115 3.04957 3.04957
1.12 3.06485 3.06485
1.125 3.08022 3.08022
1.13 3.09566 3.09566
1.135 3.11117 3.11117
1.14 3.12677 3.12677
1.145 3.14244 3.14244
1.15 3.15819 3.15819
1.155 3.17402 3.17402
1.16 3.18993 3.18993
1.165 3.20592 3.20592
1.17 3.22199 3.22199
1.175 3.23814 3.23814
1.18 3.25437 3.25437
1.185 3.27069 3.27069
1.19 3.28708 3.28708
1.195 3.30356 3.30356
1.2 3.32012 3.32012
1.205 3.33676 3.33676
1.21 3.35348 3.35348
1.215 3.37029 3.37029
1.22 3.38719 3.38719
1.225 3.40417 3.40417
1.23 3.42123 3.42123
1.235 3.43838 3.43838
1.24 3.45561 3.45561
1.245 3.47293 3.47293
1.25 3.49034 3.49034
1.255 3.50784 3.50784
1.26 3.52542 3.52542
1.265 3.54309 3.54309
1.27 3.56085 3.56085
1.275 3.5787 3.5787
1.28 3.59664 3.59664
1.285 3.61467 3.61467
1.29 3.63279 3.63279
1.295 3.651 3.651
1.3 3.6693 3.6693
1.305 3.68769 3.68769
1.31 3.70617 3.70617
1.315 3.72475 3.72475
1.32 3.74342 3.74342
1.325 3.76219 3.76219
1.33 3.78104 3.78104
1.335 3.8 3.8
1.34 3.81904 3.81904
1.345 3.83819 3.83819
1.35 3.85743 3.85743
1.355 3.87676 3.87676
1.36 3.89619 3.89619
1.365 3.91572 3.91572
1.37 3.93535 3.93535
1.375 3.95508 3.95508
1.38 3.9749 3.9749
1.385 3.99483 3.99483
1.39 4.01485 4.01485
1.395 4.03497 4.03497
1.4 4.0552 4.0552
1.405 4.07553 4.07553
1.41 4.09596 4.09596
1.415 4.11649 4.11649
1.42 4.13712 4.13712
1.425 4.15786 4.15786
1.43 4.1787 4.1787
1.435 4.19965 4.19965
1.44 4.2207 4.2207
1.445 4.24185 4.24185
1.45 4.26311 4.26311
1.455 4.28448 4.28448
1.46 4.30596 4.30596
1.465 4.32754 4.32754
1.47 4.34924 4.34924
1.475 4.37104 4.37104
1.48 4.39295 4.39295
1.485 4.41497 4.41497
1.49 4.4371 4.4371
1.495 4.45934 4.45934
1.5 4.48169 4.48169
1.505 4.50415 4.50415
1.51 4.52673 4.52673
1.515 4.54942 4.54942
1.52 4.57223 4.57223
1.525 4.59514 4.59514
1.53 4.61818 4.61818
1.535 4.64133 4.64133
1.54 4.66459 4.66459
1.545 4.68797 4.68797
1.55 4.71147 4.71147
1.555 4.73509 4.73509
1.56 4.75882 4.75882
1.565 4.78267 4.78267
1.57 4.80665 4.80665
1.575 4.83074 4.83074
1.58 4.85496 4.85496
1.585 4.87929 4.87929
1.59 4.90375 4.90375
1.595 4.92833 4.92833
1.6 4.95303 4.95303
1.605 4.97786 4.97786
1.61 5.00281 5.00281
1.615 5.02789 5.02789
1.62 5.05309 5.05309
1.625 5.07842 5.07842
1.63 5.10387 5.10387
1.635 5.12946 5.12946
1.64 5.15517 5.15517
1.645 5.18101 5.18101
1.65 5.20698 5.20698
1.655 5.23308 5.23308
1.66 5.25931 5.25931
1.665 5.28567 5.28567
1.67 5.31217 5.31217
1.675 5.3388 5.3388
1.68 5.36556 5.36556
1.685 5.39245 5.39245
1.69 5.41948 5.41948
1.695 5.44665 5.44665
1.7 5.47395 5.47395
1.705 5.50139 5.50139
1.71 5.52896 5.52896
1.715 5.55668 5.55668
1.72 5.58453 5.58453
1.725 5.61252 5.61252
1.73 5.64065 5.64065
1.735 5.66893 5.66893
1.74 5.69734 5.69734
1.745 5.7259 5.7259
1.75 5.7546 5.7546
1.755 5.78345 5.78345
1.76 5.81244 5.81244
1.765 5.84157 5.84157
1.77 5.87085 5.87085
1.775 5.90028 5.90028
1.78 5.92986 5.92986
1.785 5.95958 5.95958
1.79 5.98945 5.98945
1.795 6.01947 6.01947
1.8 6.04965 6.04965
1.805 6.07997 6.07997
1.81 6.11045 6.11045
1.815 6.14108 6.14108
1.82 6.17186 6.17186
1.825 6.2028 6.2028
1.83 6.23389 6.23389
1.835 6.26513 6.26513
1.84 6.29654 6.29654
1.845 6.3281 6.3281
1.85 6.35982 6.35982
1.855 6.3917 6.3917
1.86 6.42374 6.42374
1.865 6.45594 6.45594
1.87 6.4883 6.4883
1.875 6.52082 6.52082
1.88 6.5535 6.5535
1.885 6.58635 6.58635
1.89 6.61937 6.61937
1.895 6.65255 6.65255
1.9 6.68589 6.68589
1.905 6.71941 6.71941
1.91 6.75309 6.75309
1.915 6.78694 6.78694
1.92 6.82096 6.82096
1.925 6.85515 6.85515
1.93 6.88951 6.88951
1.935 6.92404 6.92404
1.94 6.95875 6.95875
1.945 6.99363 6.99363
1.95 7.02869 7.02869
1.955 7.06392 7.06392
1.96 7.09933 7.09933
1.965 7.13491 7.13491
1.97 7.17068 7.17068
1.975 7.20662 7.20662
1.98 7.24274 7.24274
1.985 7.27905 7.27905
1.99 7.31553 7.31553
1.995 7.3522 7.3522
2 7.38906 7.38906
2.005 7.42609 7.42609
2.01 7.46332 7.46332
2.015 7.50073 7.50073
2.02 7.53832 7.53832
2.025 7.57611 7.57611
2.03 7.61409 7.61409
2.035 7.65225 7.65225
2.04 7.69061 7.69061
2.045 7.72916 7.72916
2.05 7.7679 7.7679
2.055 7.80684 7.80684
2.06 7.84597 7.84597
2.065 7.8853 7.8853
2.07 7.92482 7.92482
2.075 7.96455 7.96455
2.08 8.00447 8.00447
2.085 8.04459 8.04459
2.09 8.08492 8.08492
2.095 8.12544 8.12544
2.1 8.16617 8.16617
2.105 8.2071 8.2071
2.11 8.24824 8.24824
2.115 8.28959 8.28959
2.12 8.33114 8.33114
2.125 8.3729 8.3729
2.13 8.41487 8.41487
2.135 8.45705 8.45705
2.14 8.49944 8.49944
2.145 8.54204 8.54204
2.15 8.58486 8.58486
2.155 8.62789 8.62789
2.16 8.67114 8.67114
2.165 8.7146 8.7146
2.17 8.75828 8.75828
2.175 8.80219 8.80219
2.18 8.84631 8.84631
2.185 8.89065 8.89065
2.19 8.93521 8.93521
2.195 8.98 8.98
2.2 9.02501 9.02501
2.205 9.07025 9.07025
2.21 9.11572 9.11572
2.215 9.16141 9.16141
2.22 9.20733 9.20733
2.225 9.25348 9.25348
2.23 9.29987 9.29987
2.235 9.34648 9.34648
2.24 9.39333 9.39333
2.245 9.44042 9.44042
2.25 9.48774 9.48774
2.255 9.53529 9.53529
2.26 9.58309 9.58309
2.265 9.63112 9.63112
2.27 9.6794 9.6794
2.275 9.72792 9.72792
2.28 9.77668 9.77668
2.285 9.82569 9.82569
2.29 9.87494 9.87494
2.295 9.92444 9.92444
2.3 9.97418 9.97418
2.305 10.0242 10.0242
2.31 10.0744 10.0744
2.315 10.1249 10.1249
2.32 10.1757 10.1757
2.325 10.2267 10.2267
2.33 10.2779 10.2779
2.335 10.3295 10.3295
2.34 10.3812 10.3812
2.345 10.4333 10.4333
2.35 10.4856 10.4856
2.355 10.5381 10.5381
2.36 10.591 10.591
2.365 10.644 10.644
2.37 10.6974 10.6974
2.375 10.751 10.751
2.38 10.8049 10.8049
2.385 10.8591 10.8591
2.39 10.9135 10.9135
2.395 10.9682 10.9682
2.4 11.0232 11.0232
2.405 11.0784 11.0784
2.41 11.134 11.134
2.415 11.1898 11.1898
2.42 11.2459 11.2459
2.425 11.3022 11.3022
2.43 11.3589 11.3589
2.435 11.4158 11.4158
2.44 11.473 11.473
2.445 11.5305 11.5305
2.45 11.5883 11.5883
2.455 11.6464 11.6464
2.46 11.7048 11.7048
2.465 11.7635 11.7635
2.47 11.8224 11.8224
2.475 11.8817 11.8817
2.48 11.9413 11.9413
2.485 12.0011 12.0011
2.49 12.0613 12.0613
2.495 12.1217 12.1217
2.5 12.1825 12.1825
2.505 12.2436 12.2436
2.51 12.3049 12.3049
2.515 12.3666 12.3666
2.52 12.4286 12.4286
2.525 12.4909 12.4909
2.53 12.5535 12.5535
2.535 12.6164 12.6164
2.54 12.6797 12.6797
2.545 12.7432 12.7432
2.55 12.8071 12.8071
2.555 12.8713 12.8713
2.56 12.9358 12.9358
2.565 13.0007 13.0007
2.57 13.0658 13.0658
2.575 13.1313 13.1313
2.58 13.1971 13.1971
2.585 13.2633 13.2633
2.59 13.3298 13.3298
2.595 13.3966 13.3966
2.6 13.4637 13.4637
2.605 13.5312 13.5312
2.61 13.5991 13.5991
2.615 13.6672 13.6672
2.62 13.7357 13.7357
2.625 13.8046 13.8046
2.63 13.8738 13.8738
2.635 13.9433 13.9433
2.64 14.0132 14.0132
2.645 14.0834 14.0834
2.65 14.154 14.154
2.655 14.225 14.225
2.66 14.2963 14.2963
2.665 14.3679 14.3679
2.67 14.44 14.44
2.675 14.5123 14.5123
2.68 14.5851 14.5851
2.685 14.6582 14.6582
2.69 14.7317 14.7317
2.695 14.8055 14.8055
2.7 14.8797 14.8797
2.705 14.9543 14.9543
2.71 15.0293 15.0293
2.715 15.1046 15.1046
2.72 15.1803 15.1803
2.725 15.2564 15.2564
2.73 15.3329 15.3329
2.735 15.4097 15.4097
2.74 15.487 15.487
2.745 15.5646 15.5646
2.75 15.6426 15.6426
2.755 15.721 15.721
2.76 15.7998 15.7998
2.765 15.879 15.879
2.77 15.9586 15.9586
2.775 16.0386 16.0386
2.78 16.119 16.119
2.785 16.1998 16.1998
2.79 16.281 16.281
2.795 16.3626 16.3626
2.8 16.4446 16.4446
2.805 16.5271 16.5271
2.81 16.6099 16.6099
2.815 16.6932 16.6932
2.82 16.7769 16.7769
2.825 16.8609 16.8609
2.83 16.9455 16.9455
2.835 17.0304 17.0304
2.84 17.1158 17.1158
2.845 17.2016 17.2016
2.85 17.2878 17.2878
2.855 17.3744 17.3744
2.86 17.4615 17.4615
2.865 17.5491 17.5491
2.87 17.637 17.637
2.875 17.7254 17.7254
2.88 17.8143 17.8143
2.885 17.9036 17.9036
2.89 17.9933 17.9933
2.895 18.0835 18.0835
2.9 18.1741 18.1741
2.905 18.2652 18.2652
2.91 18.3568 18.3568
2.915 18.4488 18.4488
2.92 18.5413 18.5413
2.925 18.6342 18.6342
2.93 18.7276 18.7276
2.935 18.8215 18.8215
2.94 18.9158 18.9158
2.945 19.0107 19.0107
2.95 19.106 19.106
2.955 19.2017 19.2017
2.96 19.298 19.298
2.965 19.3947 19.3947
2.97 19.4919 19.4919
2.975 19.5896 19.5896
2.98 19.6878 19.6878
2.985 19.7865 19.7865
2.99 19.8857 19.8857
2.995 19.9854 19.9854
3 20.0855 20.0855
