# x f(x) derivative
-6.28319 2.44929e-16 1
-6.27819 0.00499998 0.999988
-6.27319 0.00999983 0.99995
-6.26819 0.0149994 0.999888
-6.26319 0.0199987 0.9998
-6.25819 0.0249974 0.999688
-6.25319 0.0299955 0.99955
-6.24819 0.0349929 0.999388
-6.24319 0.0399893 0.9992
-6.23819 0.0449848 0.998988
-6.23319 0.0499792 0.99875
-6.22819 0.0549723 0.998488
-6.22319 0.059964 0.998201
-6.21819 0.0649542 0.997888
-6.21319 0.0699428 0.997551
-6.20819 0.0749297 0.997189
-6.20319 0.0799147 0.996802
-6.19819 0.0848977 0.99639
-6.19319 0.0898785 0.995953
-6.18819 0.0948572 0.995491
-6.18319 0.0998334 0.995004
-6.17819 0.104807 0.994493
-6.17319 0.109778 0.993956
-6.16819 0.114747 0.993395
-6.16319 0.119712 0.992809
-6.15819 0.124675 0.992198
-6.15319 0.129634 0.991562
-6.14819 0.13459 0.990901
-6.14319 0.139543 0.990216
-6.13819 0.144492 0.989506
-6.13319 0.149438 0.988771
-6.12819 0.15438 0.988012
-6.12319 0.159318 0.987227
-6.11819 0.164252 0.986418
-6.11319 0.169182 0.985585
-6.10819 0.174108 0.984727
-6.10319 0.17903 0.983844
-6.09819 0.183947 0.982936
-6.09319 0.188859 0.982004
-6.08819 0.193767 0.981048
-6.08319 0.198669 0.980067
-6.07819 0.203567 0.979061
-6.07319 0.20846 0.978031
-6.06819 0.213347 0.976976
-6.06319 0.21823 0.975897
-6.05819 0.223106 0.974794
-6.05319 0.227978 0.973666
-6.04819 0.232843 0.972514
-6.04319 0.237703 0.971338
-6.03819 0.242556 0.970137
-6.03319 0.247404 0.968912
-6.02819 0.252245 0.967663
-6.02319 0.257081 0.96639
-6.01819 0.261909 0.965093
-6.01319 0.266731 0.963771
-6.00819 0.271547 0.962425
-6.00319 0.276356 0.961055
-5.99819 0.281157 0.959662
-5.99319 0.285952 0.958244
-5.98819 0.29074 0.956802
-5.98319 0.29552 0.955336
-5.97819 0.300293 0.953847
-5.97319 0.305059 0.952334
-5.96819 0.309816 0.950796
-5.96319 0.314567 0.949235
-5.95819 0.319309 0.947651
-5.95319 0.324043 0.946042
-5.94819 0.328769 0.94441
-5.94319 0.333487 0.942755
-5.93819 0.338197 0.941075
-5.93319 0.342898 0.939373
-5.92819 0.34759 0.937646
-5.92319 0.352274 0.935897
-5.91819 0.356949 0.934124
-5.91319 0.361615 0.932327
-5.90819 0.366273 0.930508
-5.90319 0.37092 0.928665
-5.89819 0.375559 0.926798
-5.89319 0.380188 0.924909
-5.88819 0.384808 0.922997
-5.88319 0.389418 0.921061
-5.87819 0.394019 0.919102
-5.87319 0.398609 0.917121
-5.86819 0.40319 0.915116
-5.86319 0.40776 0.913089
-5.85819 0.412321 0.911039
-5.85319 0.416871 0.908966
-5.84819 0.42141 0.90687
-5.84319 0.425939 0.904752
-5.83819 0.430458 0.902611
-5.83319 0.434966 0.900447
-5.82819 0.439462 0.898261
-5.82319 0.443948 0.896052
-5.81819 0.448423 0.893822
-5.81319 0.452886 0.891568
-5.80819 0.457338 0.889293
-5.80319 0.461779 0.886995
-5.79819 0.466208 0.884675
-5.79319 0.470626 0.882333
-5.78819 0.475032 0.879969
-5.78319 0.479426 0.877583
-5.77819 0.483807 0.875174
-5.77319 0.488177 0.872745
-5.76819 0.492535 0.870293
-5.76319 0.49688 0.867819
-5.75819 0.501213 0.865324
-5.75319 0.505533 0.862807
-5.74819 0.509841 0.860269
-5.74319 0.514136 0.857709
-5.73819 0.518418 0.855127
-5.73319 0.522687 0.852525
-5.72819 0.526943 0.8499
-5.72319 0.531186 0.847255
-5.71819 0.535416 0.844589
-5.71319 0.539632 0.841901
-5.70819 0.543835 0.839192
-5.70319 0.548024 0.836463
-5.69819 0.552199 0.833712
-5.69319 0.556361 0.830941
-5.68819 0.560509 0.828149
-5.68319 0.564642 0.825336
-5.67819 0.568762 0.822502
-5.67319 0.572867 0.819648
-5.66819 0.576959 0.816773
-5.66319 0.581035 0.813878
-5.65819 0.585097 0.810963
-5.65319 0.589145 0.808028
-5.64819 0.593178 0.805072
-5.64319 0.597195 0.802096
-5.63819 0.601198 0.7991
-5.63319 0.605186 0.796084
-5.62819 0.609159 0.793048
-5.62319 0.613117 0.789992
-5.61819 0.617059 0.786917
-5.61319 0.620986 0.783822
-5.60819 0.624897 0.780707
-5.60319 0.628793 0.777573
-5.59819 0.632673 0.774419
-5.59319 0.636537 0.771246
-5.58819 0.640385 0.768054
-5.58319 0.644218 0.764842
-5.57819 0.648034 0.761612
-5.57319 0.651834 0.758362
-5.56819 0.655617 0.755093
-5.56319 0.659385 0.751806
-5.55819 0.663135 0.748499
-5.55319 0.66687 0.745174
-5.54819 0.670587 0.741831
-5.54319 0.674288 0.738469
-5.53819 0.677972 0.735088
-5.53319 0.681639 0.731689
-5.52819 0.685289 0.728272
-5.52319 0.688921 0.724836
-5.51819 0.692537 0.721382
-5.51319 0.696135 0.717911
-5.50819 0.699716 0.714421
-5.50319 0.703279 0.710914
-5.49819 0.706825 0.707388
-5.49319 0.710353 0.703845
-5.48819 0.713864 0.700285
-5.48319 0.717356 0.696707
-5.47819 0.720831 0.693111
-5.47319 0.724287 0.689498
-5.46819 0.727726 0.685868
-5.46319 0.731146 0.682221
-5.45819 0.734548 0.678557
-5.45319 0.737931 0.674876
-5.44819 0.741297 0.671178
-5.44319 0.744643 0.667463
-5.43819 0.747971 0.663731
-5.43319 0.75128 0.659983
-5.42819 0.754571 0.656219
-5.42319 0.757843 0.652437
-5.41819 0.761095 0.64864
-5.41319 0.764329 0.644827
-5.40819 0.767544 0.640997
-5.40319 0.770739 0.637151
-5.39819 0.773915 0.63329
-5.39319 0.777072 0.629412
-5.38819 0.780209 0.625519
-5.38319 0.783327 0.62161
-5.37819 0.786425 0.617686
-5.37319 0.789504 0.613746
-5.36819 0.792563 0.609791
-5.36319 0.795602 0.60582
-5.35819 0.798621 0.601835
-5.35319 0.80162 0.597834
-5.34819 0.804599 0.593818
-5.34319 0.807558 0.589788
-5.33819 0.810497 0.585743
-5.33319 0.813416 0.581683
-5.32819 0.816314 0.577609
-5.32319 0.819192 0.57352
-5.31819 0.822049 0.569417
-5.31319 0.824886 0.5653
-5.30819 0.827702 0.561168
-5.30319 0.830497 0.557023
-5.29819 0.833272 0.552863
-5.29319 0.836026 0.54869
-5.28819 0.838759 0.544503
-5.28319 0.841471 0.540302
-5.27819 0.844162 0.536088
-5.27319 0.846832 0.531861
-5.26819 0.849481 0.52762
-5.26319 0.852108 0.523366
-5.25819 0.854714 0.519099
-5.25319 0.857299 0.514819
-5.24819 0.859862 0.510526
-5.24319 0.862404 0.50622
-5.23819 0.864925 0.501902
-5.23319 0.867423 0.497571
-5.22819 0.8699 0.493228
-5.22319 0.872355 0.488872
-5.21819 0.874789 0.484504
-5.21319 0.877201 0.480124
-5.20819 0.87959 0.475732
-5.20319 0.881958 0.471328
-5.19819 0.884303 0.466913
-5.19319 0.886627 0.462485
-5.18819 0.888928 0.458046
-5.18319 0.891207 0.453596
-5.17819 0.893464 0.449134
-5.17319 0.895699 0.444662
-5.16819 0.897911 0.440177
-5.16319 0.9001 0.435682
-5.15819 0.902268 0.431177
-5.15319 0.904412 0.42666
-5.14819 0.906534 0.422132
-5.14319 0.908633 0.417595
-5.13819 0.91071 0.413046
-5.13319 0.912764 0.408487
-5.12819 0.914795 0.403919
-5.12319 0.916803 0.39934
-5.11819 0.918788 0.394751
-5.11319 0.920751 0.390152
-5.10819 0.92269 0.385543
-5.10319 0.924606 0.380925
-5.09819 0.926499 0.376297
-5.09319 0.928369 0.37166
-5.08819 0.930216 0.367013
-5.08319 0.932039 0.362358
-5.07819 0.933839 0.357693
-5.07319 0.935616 0.353019
-5.06819 0.937369 0.348337
-5.06319 0.939099 0.343646
-5.05819 0.940806 0.338946
-5.05319 0.942489 0.334238
-5.04819 0.944148 0.329521
-5.04319 0.945784 0.324796
-5.03819 0.947396 0.320063
-5.03319 0.948985 0.315322
-5.02819 0.950549 0.310574
-5.02319 0.95209 0.305817
-5.01819 0.953608 0.301053
-5.01319 0.955101 0.296281
-5.00819 0.95657 0.291502
-5.00319 0.958016 0.286715
-4.99819 0.959437 0.281922
-4.99319 0.960835 0.277121
-4.98819 0.962209 0.272313
-4.98319 0.963558 0.267499
-4.97819 0.964884 0.262678
-4.97319 0.966185 0.25785
-4.96819 0.967462 0.253016
-4.96319 0.968715 0.248175
-4.95819 0.969944 0.243329
-4.95319 0.971148 0.238476
-4.94819 0.972329 0.233617
-4.94319 0.973485 0.228753
-4.93819 0.974616 0.223883
-4.93319 0.975723 0.219007
-4.92819 0.976806 0.214125
-4.92319 0.977865 0.209239
-4.91819 0.978899 0.204347
-4.91319 0.979908 0.19945
-4.90819 0.980893 0.194548
-4.90319 0.981854 0.189641
-4.89819 0.982789 0.184729
-4.89319 0.983701 0.179813
-4.88819 0.984588 0.174892
-4.88319 0.98545 0.169967
-4.87819 0.986287 0.165038
-4.87319 0.9871 0.160104
-4.86819 0.987888 0.155167
-4.86319 0.988652 0.150225
-4.85819 0.989391 0.14528
-4.85319 0.990105 0.140332
-4.84819 0.990794 0.135379
-4.84319 0.991458 0.130424
-4.83819 0.992098 0.125465
-4.83319 0.992713 0.120503
-4.82819 0.993303 0.115538
-4.82319 0.993868 0.11057
-4.81819 0.994409 0.105599
-4.81319 0.994924 0.100626
-4.80819 0.995415 0.0956499
-4.80319 0.995881 0.0906716
-4.79819 0.996322 0.0856911
-4.79319 0.996738 0.0807084
-4.78819 0.997129 0.0757238
-4.78319 0.997495 0.0707372
-4.77819 0.997836 0.0657489
-4.77319 0.998152 0.0607589
-4.76819 0.998444 0.0557674
-4.76319 0.99871 0.0507745
-4.75819 0.998952 0.0457803
-4.75319 0.999168 0.040785
-4.74819 0.999359 0.0357887
-4.74319 0.999526 0.0307915
-4.73819 0.999667 0.0257935
-4.73319 0.999784 0.0207948
-4.72819 0.999875 0.0157957
-4.72319 0.999942 0.0107961
-4.71819 0.999983 0.00579629
-4.71319 1 0.000796327
-4.70819 0.999991 -0.00420366
-4.70319 0.999958 -0.00920354
-4.69819 0.999899 -0.0142032
-4.69319 0.999816 -0.0192025
-4.68819 0.999707 -0.0242013
-4.68319 0.999574 -0.0291995
-4.67819 0.999415 -0.034197
-4.67319 0.999232 -0.0391936
-4.66819 0.999023 -0.0441893
-4.66319 0.99879 -0.0491838
-4.65819 0.998531 -0.0541771
-4.65319 0.998248 -0.0591691
-4.64819 0.99794 -0.0641596
-4.64319 0.997606 -0.0691484
-4.63819 0.997248 -0.0741356
-4.63319 0.996865 -0.0791209
-4.62819 0.996457 -0.0841042
-4.62319 0.996024 -0.0890854
-4.61819 0.995566 -0.0940644
-4.61319 0.995083 -0.099041
-4.60819 0.994576 -0.104015
-4.60319 0.994043 -0.108987
-4.59819 0.993486 -0.113956
-4.59319 0.992904 -0.118922
-4.58819 0.992297 -0.123885
-4.58319 0.991665 -0.128844
-4.57819 0.991008 -0.133801
-4.57319 0.990327 -0.138755
-4.56819 0.989621 -0.143704
-4.56319 0.98889 -0.148651
-4.55819 0.988134 -0.153593
-4.55319 0.987354 -0.158532
-4.54819 0.986549 -0.163467
-4.54319 0.985719 -0.168397
-4.53819 0.984865 -0.173324
-4.53319 0.983986 -0.178246
-4.52819 0.983082 -0.183164
-4.52319 0.982154 -0.188077
-4.51819 0.981202 -0.192985
-4.51319 0.980224 -0.197889
-4.50819 0.979223 -0.202787
-4.50319 0.978197 -0.207681
-4.49819 0.977146 -0.212569
-4.49319 0.976071 -0.217452
-4.48819 0.974971 -0.22233
-4.48319 0.973848 -0.227202
-4.47819 0.972699 -0.232068
-4.47319 0.971527 -0.236929
-4.46819 0.97033 -0.241784
-4.46319 0.969109 -0.246632
-4.45819 0.967864 -0.251475
-4.45319 0.966594 -0.256311
-4.44819 0.965301 -0.261141
-4.44319 0.963983 -0.265964
-4.43819 0.962641 -0.27078
-4.43319 0.961275 -0.27559
-4.42819 0.959885 -0.280393
-4.42319 0.958471 -0.285189
-4.41819 0.957033 -0.289978
-4.41319 0.955572 -0.294759
-4.40819 0.954086 -0.299534
-4.40319 0.952576 -0.3043
-4.39819 0.951043 -0.309059
-4.39319 0.949486 -0.313811
-4.38819 0.947905 -0.318554
-4.38319 0.9463 -0.32329
-4.37819 0.944672 -0.328017
-4.37319 0.94302 -0.332736
-4.36819 0.941344 -0.337447
-4.36319 0.939645 -0.34215
-4.35819 0.937923 -0.346844
-4.35319 0.936177 -0.351529
-4.34819 0.934408 -0.356205
-4.34319 0.932615 -0.360873
-4.33819 0.930799 -0.365531
-4.33319 0.92896 -0.370181
-4.32819 0.927097 -0.374821
-4.32319 0.925212 -0.379452
-4.31819 0.923303 -0.384073
-4.31319 0.921371 -0.388685
-4.30819 0.919416 -0.393287
-4.30319 0.917438 -0.397879
-4.29819 0.915437 -0.402461
-4.29319 0.913413 -0.407033
-4.28819 0.911367 -0.411595
-4.28319 0.909297 -0.416147
-4.27819 0.907205 -0.420688
-4.27319 0.905091 -0.425219
-4.26819 0.902953 -0.429739
-4.26319 0.900793 -0.434248
-4.25819 0.898611 -0.438747
-4.25319 0.896406 -0.443234
-4.24819 0.894178 -0.447711
-4.24319 0.891929 -0.452176
-4.23819 0.889657 -0.45663
-4.23319 0.887362 -0.461073
-4.22819 0.885046 -0.465504
-4.22319 0.882707 -0.469923
-4.21819 0.880347 -0.474331
-4.21319 0.877964 -0.478727
-4.20819 0.875559 -0.48311
-4.20319 0.873133 -0.487482
-4.19819 0.870685 -0.491842
-4.19319 0.868215 -0.496189
-4.18819 0.865723 -0.500524
-4.18319 0.863209 -0.504846
-4.17819 0.860674 -0.509156
-4.17319 0.858118 -0.513453
-4.16819 0.85554 -0.517737
-4.16319 0.85294 -0.522008
-4.15819 0.85032 -0.526266
-4.15319 0.847678 -0.530511
-4.14819 0.845015 -0.534743
-4.14319 0.84233 -0.538961
-4.13819 0.839625 -0.543166
-4.13319 0.836899 -0.547358
-4.12819 0.834152 -0.551535
-4.12319 0.831383 -0.555699
-4.11819 0.828595 -0.559849
-4.11319 0.825785 -0.563985
-4.10819 0.822955 -0.568107
-4.10319 0.820104 -0.572215
-4.09819 0.817233 -0.576308
-4.09319 0.814341 -0.580387
-4.08819 0.811429 -0.584451
-4.08319 0.808496 -0.588501
-4.07819 0.805544 -0.592536
-4.07319 0.802571 -0.596557
-4.06819 0.799578 -0.600562
-4.06319 0.796565 -0.604552
-4.05819 0.793533 -0.608528
-4.05319 0.79048 -0.612488
-4.04819 0.787408 -0.616432
-4.04319 0.784316 -0.620362
-4.03819 0.781204 -0.624275
-4.03319 0.778073 -0.628174
-4.02819 0.774923 -0.632056
-4.02319 0.771753 -0.635923
-4.01819 0.768563 -0.639774
-4.01319 0.765355 -0.643608
-4.00819 0.762127 -0.647427
-4.00319 0.758881 -0.65123
-3.99819 0.755615 -0.655016
-3.99319 0.752331 -0.658786
-3.98819 0.749027 -0.662539
-3.98319 0.745705 -0.666276
-3.97819 0.742365 -0.669996
-3.97319 0.739005 -0.6737
-3.96819 0.735628 -0.677386
-3.96319 0.732231 -0.681056
-3.95819 0.728817 -0.684709
-3.95319 0.725384 -0.688344
-3.94819 0.721934 -0.691962
-3.94319 0.718465 -0.695563
-3.93819 0.714978 -0.699147
-3.93319 0.711473 -0.702713
-3.92819 0.707951 -0.706262
-3.92319 0.704411 -0.709793
-3.91819 0.700853 -0.713306
-3.91319 0.697278 -0.716801
-3.90819 0.693685 -0.720278
-3.90319 0.690075 -0.723738
-3.89819 0.686448 -0.727179
-3.89319 0.682803 -0.730602
-3.88819 0.679142 -0.734007
-3.88319 0.675463 -0.737394
-3.87819 0.671768 -0.740762
-3.87319 0.668056 -0.744111
-3.86819 0.664327 -0.747442
-3.86319 0.660581 -0.750755
-3.85819 0.656819 -0.754048
-3.85319 0.653041 -0.757323
-3.84819 0.649246 -0.760578
-3.84319 0.645435 -0.763815
-3.83819 0.641608 -0.767033
-3.83319 0.637765 -0.770231
-3.82819 0.633906 -0.77341
-3.82319 0.630031 -0.77657
-3.81819 0.62614 -0.779711
-3.81319 0.622234 -0.782832
-3.80819 0.618312 -0.785933
-3.80319 0.614374 -0.789015
-3.79819 0.610422 -0.792077
-3.79319 0.606454 -0.795119
-3.78819 0.60247 -0.798141
-3.78319 0.598472 -0.801144
-3.77819 0.594459 -0.804126
-3.77319 0.590431 -0.807088
-3.76819 0.586388 -0.81003
-3.76319 0.582331 -0.812952
-3.75819 0.578259 -0.815854
-3.75319 0.574172 -0.818735
-3.74819 0.570071 -0.821595
-3.74319 0.565956 -0.824435
-3.73819 0.561827 -0.827255
-3.73319 0.557684 -0.830054
-3.72819 0.553526 -0.832832
-3.72319 0.549355 -0.835589
-3.71819 0.545171 -0.838325
-3.71319 0.540972 -0.84104
-3.70819 0.53676 -0.843735
-3.70319 0.532535 -0.846408
-3.69819 0.528296 -0.84906
-3.69319 0.524044 -0.851691
-3.68819 0.519779 -0.854301
-3.68319 0.515501 -0.856889
-3.67819 0.511211 -0.859456
-3.67319 0.506907 -0.862001
-3.66819 0.502591 -0.864525
-3.66319 0.498262 -0.867027
-3.65819 0.49392 -0.869507
-3.65319 0.489567 -0.871966
-3.64819 0.485201 -0.874403
-3.64319 0.480823 -0.876818
-3.63819 0.476433 -0.879211
-3.63319 0.472031 -0.881582
-3.62819 0.467617 -0.883931
-3.62319 0.463191 -0.886258
-3.61819 0.458754 -0.888563
-3.61319 0.454306 -0.890846
-3.60819 0.449846 -0.893106
-3.60319 0.445375 -0.895344
-3.59819 0.440892 -0.89756
-3.59319 0.436399 -0.899753
-3.58819 0.431895 -0.901924
-3.58319 0.42738 -0.904072
-3.57819 0.422854 -0.906198
-3.57319 0.418318 -0.908301
-3.56819 0.413771 -0.910381
-3.56319 0.409214 -0.912438
-3.55819 0.404647 -0.914473
-3.55319 0.400069 -0.916485
-3.54819 0.395482 -0.918474
-3.54319 0.390885 -0.92044
-3.53819 0.386278 -0.922383
-3.53319 0.381661 -0.924302
-3.52819 0.377035 -0.926199
-3.52319 0.372399 -0.928073
-3.51819 0.367754 -0.929923
-3.51319 0.3631 -0.93175
-3.50819 0.358437 -0.933554
-3.50319 0.353764 -0.935335
-3.49819 0.349083 -0.937092
-3.49319 0.344393 -0.938825
-3.48819 0.339695 -0.940536
-3.48319 0.334988 -0.942222
-3.47819 0.330273 -0.943885
-3.47319 0.325549 -0.945525
-3.46819 0.320818 -0.947141
-3.46319 0.316078 -0.948733
-3.45819 0.31133 -0.950302
-3.45319 0.306575 -0.951847
-3.44819 0.301812 -0.953367
-3.44319 0.297041 -0.954865
-3.43819 0.292263 -0.956338
-3.43319 0.287478 -0.957787
-3.42819 0.282686 -0.959213
-3.42319 0.277886 -0.960614
-3.41819 0.273079 -0.961991
-3.41319 0.268266 -0.963345
-3.40819 0.263446 -0.964674
-3.40319 0.258619 -0.965979
-3.39819 0.253786 -0.96726
-3.39319 0.248947 -0.968517
-3.38819 0.244101 -0.96975
-3.38319 0.239249 -0.970958
-3.37819 0.234392 -0.972142
-3.37319 0.229528 -0.973302
-3.36819 0.224659 -0.974438
-3.36319 0.219784 -0.975549
-3.35819 0.214903 -0.976635
-3.35319 0.210017 -0.977698
-3.34819 0.205126 -0.978736
-3.34319 0.20023 -0.979749
-3.33819 0.195329 -0.980738
-3.33319 0.190423 -0.981702
-3.32819 0.185512 -0.982642
-3.32319 0.180596 -0.983557
-3.31819 0.175676 -0.984448
-3.31319 0.170752 -0.985314
-3.30819 0.165823 -0.986156
-3.30319 0.16089 -0.986972
-3.29819 0.155953 -0.987764
-3.29319 0.151013 -0.988532
-3.28819 0.146068 -0.989275
-3.28319 0.14112 -0.989992
-3.27819 0.136168 -0.990686
-3.27319 0.131213 -0.991354
-3.26819 0.126255 -0.991998
-3.26319 0.121293 -0.992617
-3.25819 0.116329 -0.993211
-3.25319 0.111361 -0.99378
-3.24819 0.106391 -0.994324
-3.24319 0.101418 -0.994844
-3.23819 0.0964425 -0.995339
-3.23319 0.0914646 -0.995808
-3.22819 0.0864845 -0.996253
-3.22319 0.0815022 -0.996673
-3.21819 0.0765178 -0.997068
-3.21319 0.0715315 -0.997438
-3.20819 0.0665434 -0.997784
-3.20319 0.0615537 -0.998104
-3.19819 0.0565624 -0.998399
-3.19319 0.0515698 -0.998669
-3.18819 0.0465758 -0.998915
-3.18319 0.0415807 -0.999135
-3.17819 0.0365845 -0.999331
-3.17319 0.0315874 -0.999501
-3.16819 0.0265895 -0.999646
-3.16319 0.021591 -0.999767
-3.15819 0.0165919 -0.999862
-3.15319 0.0115924 -0.999933
-3.14819 0.00659261 -0.999978
-3.14319 0.00159265 -0.999999
-3.13819 -0.00340734 -0.999994
-3.13319 -0.00840725 -0.999965
-3.12819 -0.0134069 -0.99991
-3.12319 -0.0184063 -0.999831
-3.11819 -0.0234052 -0.999726
-3.11319 -0.0284035 -0.999597
-3.10819 -0.0334011 -0.999442
-3.10319 -0.0383979 -0.999263
-3.09819 -0.0433937 -0.999058
-3.09319 -0.0483884 -0.998829
-3.08819 -0.053382 -0.998574
-3.08319 -0.0583741 -0.998295
-3.07819 -0.0633649 -0.99799
-3.07319 -0.068354 -0.997661
-3.06819 -0.0733414 -0.997307
-3.06319 -0.078327 -0.996928
-3.05819 -0.0833107 -0.996524
-3.05319 -0.0882922 -0.996095
-3.04819 -0.0932716 -0.995641
-3.04319 -0.0982486 -0.995162
-3.03819 -0.103223 -0.994658
-3.03319 -0.108195 -0.99413
-3.02819 -0.113164 -0.993576
-3.02319 -0.118131 -0.992998
-3.01819 -0.123094 -0.992395
-3.01319 -0.128055 -0.991767
-3.00819 -0.133012 -0.991114
-3.00319 -0.137966 -0.990437
-2.99819 -0.142916 -0.989735
-2.99319 -0.147863 -0.989008
-2.98819 -0.152806 -0.988256
-2.98319 -0.157746 -0.98748
-2.97819 -0.162681 -0.986679
-2.97319 -0.167612 -0.985853
-2.96819 -0.17254 -0.985003
-2.96319 -0.177462 -0.984128
-2.95819 -0.182381 -0.983228
-2.95319 -0.187295 -0.982304
-2.94819 -0.192204 -0.981355
-2.94319 -0.197108 -0.980382
-2.93819 -0.202008 -0.979384
-2.93319 -0.206902 -0.978362
-2.92819 -0.211791 -0.977315
-2.92319 -0.216675 -0.976244
-2.91819 -0.221554 -0.975148
-2.91319 -0.226427 -0.974028
-2.90819 -0.231294 -0.972884
-2.90319 -0.236155 -0.971715
-2.89819 -0.241011 -0.970522
-2.89319 -0.245861 -0.969305
-2.88819 -0.250704 -0.968064
-2.88319 -0.255541 -0.966798
-2.87819 -0.260372 -0.965508
-2.87319 -0.265196 -0.964194
-2.86819 -0.270014 -0.962856
-2.86319 -0.274825 -0.961494
-2.85819 -0.279629 -0.960108
-2.85319 -0.284426 -0.958698
-2.84819 -0.289216 -0.957264
-2.84319 -0.293998 -0.955806
-2.83819 -0.298774 -0.954324
-2.83319 -0.303542 -0.952818
-2.82819 -0.308302 -0.951289
-2.82319 -0.313054 -0.949735
-2.81819 -0.317799 -0.948158
-2.81319 -0.322536 -0.946557
-2.80819 -0.327265 -0.944933
-2.80319 -0.331985 -0.943285
-2.79819 -0.336697 -0.941613
-2.79319 -0.341401 -0.939918
-2.78819 -0.346097 -0.938199
-2.78319 -0.350783 -0.936457
-2.77819 -0.355461 -0.934691
-2.77319 -0.36013 -0.932902
-2.76819 -0.36479 -0.93109
-2.76319 -0.369441 -0.929254
-2.75819 -0.374083 -0.927395
-2.75319 -0.378715 -0.925513
-2.74819 -0.383338 -0.923608
-2.74319 -0.387951 -0.92168
-2.73819 -0.392554 -0.919729
-2.73319 -0.397148 -0.917755
-2.72819 -0.401732 -0.915757
-2.72319 -0.406306 -0.913737
-2.71819 -0.410869 -0.911694
-2.71319 -0.415423 -0.909629
-2.70819 -0.419966 -0.90754
-2.70319 -0.424498 -0.905429
-2.69819 -0.42902 -0.903295
-2.69319 -0.433531 -0.901139
-2.68819 -0.438031 -0.89896
-2.68319 -0.44252 -0.896758
-2.67819 -0.446999 -0.894535
-2.67319 -0.451466 -0.892288
-2.66819 -0.455922 -0.89002
-2.66319 -0.460366 -0.887729
-2.65819 -0.464799 -0.885416
-2.65319 -0.46922 -0.883081
-2.64819 -0.47363 -0.880724
-2.64319 -0.478027 -0.878345
-2.63819 -0.482413 -0.875944
-2.63319 -0.486787 -0.873521
-2.62819 -0.491148 -0.871076
-2.62319 -0.495497 -0.868609
-2.61819 -0.499834 -0.866121
-2.61319 -0.504159 -0.863611
-2.60819 -0.50847 -0.86108
-2.60319 -0.512769 -0.858526
-2.59819 -0.517056 -0.855952
-2.59319 -0.521329 -0.853356
-2.58819 -0.525589 -0.850739
-2.58319 -0.529836 -0.8481
-2.57819 -0.53407 -0.84544
-2.57319 -0.538291 -0.842759
-2.56819 -0.542498 -0.840057
-2.56319 -0.546691 -0.837334
-2.55819 -0.550871 -0.83459
-2.55319 -0.555037 -0.831826
-2.54819 -0.559189 -0.82904
-2.54319 -0.563327 -0.826234
-2.53819 -0.567451 -0.823407
-2.53319 -0.571561 -0.820559
-2.52819 -0.575657 -0.817691
-2.52319 -0.579738 -0.814803
-2.51819 -0.583805 -0.811894
-2.51319 -0.587857 -0.808965
-2.50819 -0.591895 -0.806015
-2.50319 -0.595917 -0.803046
-2.49819 -0.599925 -0.800056
-2.49319 -0.603918 -0.797047
-2.48819 -0.607895 -0.794017
-2.48319 -0.611858 -0.790968
-2.47819 -0.615805 -0.787899
-2.47319 -0.619737 -0.78481
-2.46819 -0.623653 -0.781701
-2.46319 -0.627554 -0.778573
-2.45819 -0.631439 -0.775426
-2.45319 -0.635308 -0.772259
-2.44819 -0.639161 -0.769073
-2.44319 -0.642999 -0.765867
-2.43819 -0.64682 -0.762643
-2.43319 -0.650625 -0.759399
-2.42819 -0.654414 -0.756136
-2.42319 -0.658186 -0.752855
-2.41819 -0.661943 -0.749555
-2.41319 -0.665682 -0.746236
-2.40819 -0.669405 -0.742898
-2.40319 -0.673111 -0.739542
-2.39819 -0.6768 -0.736167
-2.39319 -0.680473 -0.732774
-2.38819 -0.684128 -0.729362
-2.38319 -0.687766 -0.725932
-2.37819 -0.691387 -0.722484
-2.37319 -0.694991 -0.719018
-2.36819 -0.698577 -0.715535
-2.36319 -0.702146 -0.712033
-2.35819 -0.705698 -0.708513
-2.35319 -0.709231 -0.704976
-2.34819 -0.712747 -0.701421
-2.34319 -0.716246 -0.697848
-2.33819 -0.719726 -0.694258
-2.33319 -0.723188 -0.690651
-2.32819 -0.726632 -0.687027
-2.32319 -0.730058 -0.683385
-2.31819 -0.733466 -0.679726
-2.31319 -0.736856 -0.67605
-2.30819 -0.740227 -0.672357
-2.30319 -0.743579 -0.668648
-2.29819 -0.746913 -0.664922
-2.29319 -0.750228 -0.661179
-2.28819 -0.753525 -0.657419
-2.28319 -0.756802 -0.653644
-2.27819 -0.760061 -0.649851
-2.27319 -0.763301 -0.646043
-2.26819 -0.766522 -0.642218
-2.26319 -0.769723 -0.638378
-2.25819 -0.772905 -0.634521
-2.25319 -0.776068 -0.630649
-2.24819 -0.779212 -0.626761
-2.24319 -0.782336 -0.622857
-2.23819 -0.78544 -0.618937
-2.23319 -0.788525 -0.615002
-2.22819 -0.79159 -0.611052
-2.22319 -0.794636 -0.607087
-2.21819 -0.797661 -0.603106
-2.21319 -0.800667 -0.59911
-2.20819 -0.803652 -0.595099
-2.20319 -0.806618 -0.591073
-2.19819 -0.809563 -0.587033
-2.19319 -0.812488 -0.582978
-2.18819 -0.815393 -0.578908
-2.18319 -0.818277 -0.574824
-2.17819 -0.821141 -0.570725
-2.17319 -0.823984 -0.566613
-2.16819 -0.826807 -0.562486
-2.16319 -0.829609 -0.558345
-2.15819 -0.832391 -0.55419
-2.15319 -0.835151 -0.550021
-2.14819 -0.837891 -0.545838
-2.14319 -0.840609 -0.541642
-2.13819 -0.843307 -0.537432
-2.13319 -0.845984 -0.533209
-2.12819 -0.848639 -0.528972
-2.12319 -0.851273 -0.524722
-2.11819 -0.853886 -0.520459
-2.11319 -0.856478 -0.516184
-2.10819 -0.859048 -0.511895
-2.10319 -0.861597 -0.507593
-2.09819 -0.864124 -0.503279
-2.09319 -0.86663 -0.498952
-2.08819 -0.869114 -0.494613
-2.08319 -0.871576 -0.490261
-2.07819 -0.874016 -0.485897
-2.07319 -0.876435 -0.481521
-2.06819 -0.878831 -0.477133
-2.06319 -0.881206 -0.472732
-2.05819 -0.883559 -0.46832
-2.05319 -0.885889 -0.463897
-2.04819 -0.888198 -0.459462
-2.04319 -0.890484 -0.455015
-2.03819 -0.892748 -0.450557
-2.03319 -0.894989 -0.446087
-2.02819 -0.897209 -0.441607
-2.02319 -0.899405 -0.437115
-2.01819 -0.90158 -0.432613
-2.01319 -0.903732 -0.4281
-2.00819 -0.905861 -0.423576
-2.00319 -0.907967 -0.419041
-1.99819 -0.910051 -0.414496
-1.99319 -0.912112 -0.409941
-1.98819 -0.91415 -0.405375
-1.98319 -0.916166 -0.400799
-1.97819 -0.918158 -0.396213
-1.97319 -0.920128 -0.391618
-1.96819 -0.922075 -0.387012
-1.96319 -0.923998 -0.382397
-1.95819 -0.925899 -0.377772
-1.95319 -0.927776 -0.373138
-1.94819 -0.92963 -0.368494
-1.94319 -0.931461 -0.363842
-1.93819 -0.933268 -0.35918
-1.93319 -0.935053 -0.354509
-1.92819 -0.936813 -0.349829
-1.92319 -0.938551 -0.345141
-1.91819 -0.940265 -0.340444
-1.91319 -0.941955 -0.335738
-1.90819 -0.943622 -0.331024
-1.90319 -0.945266 -0.326302
-1.89819 -0.946885 -0.321572
-1.89319 -0.948481 -0.316833
-1.88819 -0.950054 -0.312087
-1.88319 -0.951602 -0.307333
-1.87819 -0.953127 -0.302571
-1.87319 -0.954628 -0.297802
-1.86819 -0.956105 -0.293025
-1.86319 -0.957558 -0.288241
-1.85819 -0.958987 -0.283449
-1.85319 -0.960392 -0.278651
-1.84819 -0.961774 -0.273845
-1.84319 -0.963131 -0.269033
-1.83819 -0.964464 -0.264214
-1.83319 -0.965773 -0.259389
-1.82819 -0.967058 -0.254556
-1.82319 -0.968319 -0.249718
-1.81819 -0.969555 -0.244873
-1.81319 -0.970767 -0.240022
-1.80819 -0.971955 -0.235166
-1.80319 -0.973119 -0.230303
-1.79819 -0.974258 -0.225434
-1.79319 -0.975373 -0.22056
-1.78819 -0.976464 -0.215681
-1.78319 -0.97753 -0.210796
-1.77819 -0.978572 -0.205906
-1.77319 -0.979589 -0.20101
-1.76819 -0.980582 -0.19611
-1.76319 -0.98155 -0.191204
-1.75819 -0.982494 -0.186294
-1.75319 -0.983413 -0.181379
-1.74819 -0.984308 -0.17646
-1.74319 -0.985178 -0.171536
-1.73819 -0.986023 -0.166608
-1.73319 -0.986844 -0.161676
-1.72819 -0.98764 -0.15674
-1.72319 -0.988411 -0.1518
-1.71819 -0.989158 -0.146856
-1.71319 -0.98988 -0.141908
-1.70819 -0.990577 -0.136957
-1.70319 -0.991249 -0.132003
-1.69819 -0.991897 -0.127045
-1.69319 -0.99252 -0.122084
-1.68819 -0.993118 -0.11712
-1.68319 -0.993691 -0.112153
-1.67819 -0.994239 -0.107183
-1.67319 -0.994763 -0.10221
-1.66819 -0.995261 -0.0972351
-1.66319 -0.995735 -0.0922576
-1.65819 -0.996184 -0.0872778
-1.65319 -0.996608 -0.0822958
-1.64819 -0.997007 -0.0773118
-1.64319 -0.997381 -0.0723258
-1.63819 -0.99773 -0.067338
-1.63319 -0.998054 -0.0623485
-1.62819 -0.998354 -0.0573575
-1.62319 -0.998628 -0.052365
-1.61819 -0.998877 -0.0473712
-1.61319 -0.999102 -0.0423763
-1.60819 -0.999301 -0.0373803
-1.60319 -0.999476 -0.0323833
-1.59819 -0.999625 -0.0273856
-1.59319 -0.999749 -0.0223871
-1.58819 -0.999849 -0.0173881
-1.58319 -0.999923 -0.0123887
-1.57819 -0.999973 -0.00738891
-1.57319 -0.999997 -0.00238898
-1.56819 -0.999997 0.00261102
-1.56319 -0.999971 0.00761095
-1.55819 -0.99992 0.0126107
-1.55319 -0.999845 0.0176101
-1.54819 -0.999744 0.0226091
-1.54319 -0.999619 0.0276075
-1.53819 -0.999468 0.0326052
-1.53319 -0.999293 0.0376022
-1.52819 -0.999092 0.0425981
-1.52319 -0.998867 0.047593
-1.51819 -0.998616 0.0525868
-1.51319 -0.998341 0.0575792
-1.50819 -0.998041 0.0625701
-1.50319 -0.997715 0.0675595
-1.49819 -0.997365 0.0725472
-1.49319 -0.99699 0.0775331
-1.48819 -0.99659 0.0825171
-1.48319 -0.996165 0.087499
-1.47819 -0.995715 0.0924787
-1.47319 -0.99524 0.0974561
-1.46819 -0.99474 0.102431
-1.46319 -0.994216 0.107403
-1.45819 -0.993666 0.112373
-1.45319 -0.993092 0.11734
-1.44819 -0.992493 0.122304
-1.44319 -0.991869 0.127265
-1.43819 -0.99122 0.132223
-1.43319 -0.990547 0.137177
-1.42819 -0.989848 0.142128
-1.42319 -0.989125 0.147076
-1.41819 -0.988378 0.152019
-1.41319 -0.987605 0.156959
-1.40819 -0.986808 0.161895
-1.40319 -0.985986 0.166827
-1.39819 -0.98514 0.171755
-1.39319 -0.984269 0.176679
-1.38819 -0.983373 0.181598
-1.38319 -0.982453 0.186512
-1.37819 -0.981508 0.191422
-1.37319 -0.980538 0.196327
-1.36819 -0.979545 0.201228
-1.36319 -0.978526 0.206123
-1.35819 -0.977483 0.211013
-1.35319 -0.976416 0.215898
-1.34819 -0.975324 0.220777
-1.34319 -0.974208 0.225651
-1.33819 -0.973068 0.230519
-1.33319 -0.971903 0.235381
-1.32819 -0.970714 0.240238
-1.32319 -0.969501 0.245089
-1.31819 -0.968263 0.249933
-1.31319 -0.967001 0.254771
-1.30819 -0.965715 0.259603
-1.30319 -0.964405 0.264428
-1.29819 -0.963071 0.269247
-1.29319 -0.961713 0.274059
-1.28819 -0.960331 0.278864
-1.28319 -0.958924 0.283662
-1.27819 -0.957494 0.288453
-1.27319 -0.95604 0.293237
-1.26819 -0.954562 0.298014
-1.26319 -0.95306 0.302783
-1.25819 -0.951534 0.307544
-1.25319 -0.949984 0.312298
-1.24819 -0.948411 0.317044
-1.24319 -0.946814 0.321782
-1.23819 -0.945193 0.326512
-1.23319 -0.943549 0.331234
-1.22819 -0.941881 0.335948
-1.22319 -0.940189 0.340653
-1.21819 -0.938474 0.345349
-1.21319 -0.936736 0.350037
-1.20819 -0.934974 0.354717
-1.20319 -0.933189 0.359387
-1.19819 -0.93138 0.364049
-1.19319 -0.929548 0.368701
-1.18819 -0.927693 0.373344
-1.18319 -0.925815 0.377978
-1.17819 -0.923913 0.382602
-1.17319 -0.921989 0.387217
-1.16819 -0.920041 0.391822
-1.16319 -0.91807 0.396417
-1.15819 -0.916077 0.401003
-1.15319 -0.91406 0.405578
-1.14819 -0.912021 0.410143
-1.14319 -0.909959 0.414698
-1.13819 -0.907874 0.419243
-1.13319 -0.905767 0.423777
-1.12819 -0.903636 0.4283
-1.12319 -0.901484 0.432813
-1.11819 -0.899308 0.437315
-1.11319 -0.897111 0.441806
-1.10819 -0.89489 0.446286
-1.10319 -0.892648 0.450755
-1.09819 -0.890383 0.455213
-1.09319 -0.888096 0.459659
-1.08819 -0.885786 0.464094
-1.08319 -0.883455 0.468517
-1.07819 -0.881101 0.472928
-1.07319 -0.878725 0.477328
-1.06819 -0.876328 0.481715
-1.06319 -0.873908 0.486091
-1.05819 -0.871467 0.490454
-1.05319 -0.869004 0.494806
-1.04819 -0.866519 0.499144
-1.04319 -0.864012 0.503471
-1.03819 -0.861484 0.507784
-1.03319 -0.858934 0.512085
-1.02819 -0.856363 0.516374
-1.02319 -0.853771 0.520649
-1.01819 -0.851157 0.524911
-1.01319 -0.848522 0.529161
-1.00819 -0.845865 0.533397
-1.00319 -0.843188 0.537619
-0.998185 -0.840489 0.541828
-0.993185 -0.837769 0.546024
-0.988185 -0.835029 0.550206
-0.983185 -0.832267 0.554374
-0.978185 -0.829485 0.558529
-0.973185 -0.826682 0.562669
-0.968185 -0.823859 0.566796
-0.963185 -0.821014 0.570908
-0.958185 -0.818149 0.575006
-0.953185 -0.815264 0.579089
-0.948185 -0.812359 0.583158
-0.943185 -0.809433 0.587213
-0.938185 -0.806486 0.591253
-0.933185 -0.80352 0.595278
-0.928185 -0.800534 0.599288
-0.923185 -0.797527 0.603283
-0.918185 -0.794501 0.607263
-0.913185 -0.791455 0.611228
-0.908185 -0.788389 0.615177
-0.903185 -0.785303 0.619112
-0.898185 -0.782198 0.62303
-0.893185 -0.779073 0.626934
-0.888185 -0.775928 0.630821
-0.883185 -0.772764 0.634693
-0.878185 -0.769581 0.638549
-0.873185 -0.766379 0.642389
-0.868185 -0.763158 0.646213
-0.863185 -0.759917 0.65002
-0.858185 -0.756657 0.653812
-0.853185 -0.753379 0.657587
-0.848185 -0.750082 0.661345
-0.843185 -0.746765 0.665088
-0.838185 -0.743431 0.668813
-0.833185 -0.740077 0.672522
-0.828185 -0.736705 0.676214
-0.823185 -0.733315 0.679889
-0.818185 -0.729907 0.683547
-0.813185 -0.72648 0.687188
-0.808185 -0.723035 0.690812
-0.803185 -0.719572 0.694418
-0.798185 -0.716091 0.698007
-0.793185 -0.712592 0.701579
-0.788185 -0.709075 0.705133
-0.783185 -0.70554 0.70867
-0.778185 -0.701988 0.712189
-0.773185 -0.698418 0.71569
-0.768185 -0.694831 0.719173
-0.763185 -0.691227 0.722638
-0.758185 -0.687605 0.726085
-0.753185 -0.683966 0.729514
-0.748185 -0.68031 0.732925
-0.743185 -0.676637 0.736317
-0.738185 -0.672947 0.739691
-0.733185 -0.66924 0.743046
-0.728185 -0.665516 0.746383
-0.723185 -0.661776 0.749702
-0.718185 -0.658019 0.753001
-0.713185 -0.654246 0.756282
-0.708185 -0.650457 0.759544
-0.703185 -0.646651 0.762786
-0.698185 -0.642829 0.76601
-0.693185 -0.638991 0.769215
-0.688185 -0.635137 0.7724
-0.683185 -0.631267 0.775566
-0.678185 -0.627381 0.778713
-0.673185 -0.62348 0.78184
-0.668185 -0.619563 0.784947
-0.663185 -0.61563 0.788035
-0.658185 -0.611682 0.791104
-0.653185 -0.607719 0.794152
-0.648185 -0.603741 0.797181
-0.643185 -0.599747 0.800189
-0.638185 -0.595739 0.803178
-0.633185 -0.591716 0.806147
-0.628185 -0.587677 0.809095
-0.623185 -0.583625 0.812024
-0.618185 -0.579557 0.814932
-0.613185 -0.575475 0.817819
-0.608185 -0.571379 0.820686
-0.603185 -0.567269 0.823533
-0.598185 -0.563144 0.826359
-0.593185 -0.559005 0.829164
-0.588185 -0.554852 0.831949
-0.583185 -0.550686 0.834713
-0.578185 -0.546505 0.837456
-0.573185 -0.542311 0.840178
-0.568185 -0.538103 0.842879
-0.563185 -0.533882 0.845559
-0.558185 -0.529648 0.848218
-0.553185 -0.5254 0.850855
-0.548185 -0.521139 0.853472
-0.543185 -0.516865 0.856067
-0.538185 -0.512579 0.85864
-0.533185 -0.508279 0.861192
-0.528185 -0.503967 0.863723
-0.523185 -0.499642 0.866232
-0.518185 -0.495304 0.868719
-0.513185 -0.490955 0.871185
-0.508185 -0.486593 0.873629
-0.503185 -0.482218 0.876051
-0.498185 -0.477832 0.878451
-0.493185 -0.473434 0.880829
-0.488185 -0.469024 0.883185
-0.483185 -0.464602 0.88552
-0.478185 -0.460169 0.887831
-0.473185 -0.455724 0.890121
-0.468185 -0.451268 0.892389
-0.463185 -0.4468 0.894634
-0.458185 -0.442321 0.896857
-0.453185 -0.437832 0.899057
-0.448185 -0.433331 0.901235
-0.443185 -0.428819 0.90339
-0.438185 -0.424297 0.905523
-0.433185 -0.419764 0.907633
-0.428185 -0.415221 0.909721
-0.423185 -0.410667 0.911785
-0.418185 -0.406103 0.913827
-0.413185 -0.401529 0.915846
-0.408185 -0.396944 0.917843
-0.403185 -0.39235 0.919816
-0.398185 -0.387746 0.921766
-0.393185 -0.383133 0.923693
-0.388185 -0.378509 0.925597
-0.383185 -0.373877 0.927478
-0.378185 -0.369235 0.929336
-0.373185 -0.364583 0.931171
-0.368185 -0.359923 0.932982
-0.363185 -0.355254 0.93477
-0.358185 -0.350575 0.936535
-0.353185 -0.345888 0.938276
-0.348185 -0.341193 0.939993
-0.343185 -0.336488 0.941688
-0.338185 -0.331776 0.943358
-0.333185 -0.327055 0.945005
-0.328185 -0.322326 0.946629
-0.323185 -0.317589 0.948229
-0.318185 -0.312843 0.949805
-0.313185 -0.308091 0.951357
-0.308185 -0.30333 0.952886
-0.303185 -0.298562 0.95439
-0.298185 -0.293786 0.955871
-0.293185 -0.289003 0.957328
-0.288185 -0.284213 0.958761
-0.283185 -0.279415 0.96017
-0.278185 -0.274611 0.961555
-0.273185 -0.2698 0.962916
-0.268185 -0.264982 0.964253
-0.263185 -0.260157 0.965566
-0.258185 -0.255326 0.966855
-0.253185 -0.250489 0.968119
-0.248185 -0.245645 0.96936
-0.243185 -0.240795 0.970576
-0.238185 -0.23594 0.971768
-0.233185 -0.231078 0.972935
-0.228185 -0.22621 0.974079
-0.223185 -0.221337 0.975197
-0.218185 -0.216458 0.976292
-0.213185 -0.211574 0.977362
-0.208185 -0.206685 0.978408
-0.203185 -0.20179 0.979429
-0.198185 -0.19689 0.980425
-0.193185 -0.191986 0.981398
-0.188185 -0.187077 0.982345
-0.183185 -0.182163 0.983268
-0.178185 -0.177244 0.984167
-0.173185 -0.172321 0.985041
-0.168185 -0.167394 0.98589
-0.163185 -0.162462 0.986715
-0.158185 -0.157526 0.987515
-0.153185 -0.152587 0.98829
-0.148185 -0.147644 0.989041
-0.143185 -0.142697 0.989766
-0.138185 -0.137746 0.990468
-0.133185 -0.132792 0.991144
-0.128185 -0.127835 0.991796
-0.123185 -0.122874 0.992422
-0.118185 -0.11791 0.993024
-0.113185 -0.112944 0.993601
-0.108185 -0.107974 0.994154
-0.103185 -0.103002 0.994681
-0.0981853 -0.0980276 0.995184
-0.0931853 -0.0930505 0.995661
-0.0881853 -0.0880711 0.996114
-0.0831853 -0.0830894 0.996542
-0.0781853 -0.0781057 0.996945
-0.0731853 -0.07312 0.997323
-0.0681853 -0.0681325 0.997676
-0.0631853 -0.0631433 0.998004
-0.0581853 -0.0581525 0.998308
-0.0531853 -0.0531602 0.998586
-0.0481853 -0.0481667 0.998839
-0.0431853 -0.0431719 0.999068
-0.0381853 -0.038176 0.999271
-0.0331853 -0.0331792 0.999449
-0.0281853 -0.0281816 0.999603
-0.0231853 -0.0231832 0.999731
-0.0181853 -0.0181843 0.999835
-0.0131853 -0.0131849 0.999913
-0.00818531 -0.00818522 0.999967
-0.00318531 -0.0031853 0.999995
0.00181469 0.00181469 0.999998
0.00681469 0.00681464 0.999977
0.0118147 0.0118144 0.99993
0.0168147 0.0168139 0.999859
0.0218147 0.021813 0.999762
0.0268147 0.0268115 0.999641
0.0318147 0.0318093 0.999494
0.0368147 0.0368064 0.999322
0.0418147 0.0418025 0.999126
0.0468147 0.0467976 0.998904
0.0518147 0.0517915 0.998658
0.0568147 0.0567841 0.998386
0.0618147 0.0617753 0.99809
0.0668147 0.066765 0.997769
0.0718147 0.071753 0.997422
0.0768147 0.0767392 0.997051
0.0818147 0.0817235 0.996655
0.0868147 0.0867057 0.996234
0.0918147 0.0916857 0.995788
0.0968147 0.0966635 0.995317
0.101815 0.101639 0.994821
0.106815 0.106612 0.994301
0.111815 0.111582 0.993755
0.116815 0.116549 0.993185
0.121815 0.121514 0.99259
0.126815 0.126475 0.99197
0.131815 0.131433 0.991325
0.136815 0.136388 0.990655
0.141815 0.14134 0.989961
0.146815 0.146288 0.989242
0.151815 0.151232 0.988498
0.156815 0.156173 0.98773
0.161815 0.161109 0.986937
0.166815 0.166042 0.986119
0.171815 0.170971 0.985276
0.176815 0.175895 0.984409
0.181815 0.180815 0.983517
0.186815 0.18573 0.982601
0.191815 0.190641 0.98166
0.196815 0.195547 0.980694
0.201815 0.200448 0.979704
0.206815 0.205344 0.97869
0.211815 0.210234 0.977651
0.216815 0.21512 0.976588
0.221815 0.22 0.9755
0.226815 0.224875 0.974388
0.231815 0.229744 0.973251
0.236815 0.234607 0.97209
0.241815 0.239465 0.970905
0.246815 0.244316 0.969696
0.251815 0.249162 0.968462
0.256815 0.254001 0.967204
0.261815 0.258834 0.965922
0.266815 0.26366 0.964616
0.271815 0.26848 0.963285
0.276815 0.273293 0.961931
0.281815 0.278099 0.960552
0.286815 0.282898 0.95915
0.291815 0.287691 0.957723
0.296815 0.292476 0.956273
0.301815 0.297253 0.954799
0.306815 0.302024 0.9533
0.311815 0.306786 0.951778
0.316815 0.311541 0.950233
0.321815 0.316289 0.948663
0.326815 0.321028 0.94707
0.331815 0.325759 0.945453
0.336815 0.330482 0.943812
0.341815 0.335197 0.942148
0.346815 0.339904 0.94046
0.351815 0.344602 0.938749
0.356815 0.349291 0.937014
0.361815 0.353972 0.935256
0.366815 0.358644 0.933474
0.371815 0.363307 0.93167
0.376815 0.367961 0.929841
0.381815 0.372605 0.92799
0.386815 0.37724 0.926115
0.391815 0.381866 0.924218
0.396815 0.386483 0.922297
0.401815 0.391089 0.920353
0.406815 0.395686 0.918386
0.411815 0.400273 0.916396
0.416815 0.40485 0.914383
0.421815 0.409417 0.912347
0.426815 0.413973 0.910289
0.431815 0.41852 0.908208
0.436815 0.423055 0.906104
0.441815 0.427581 0.903977
0.446815 0.432095 0.901828
0.451815 0.436599 0.899656
0.456815 0.441092 0.897462
0.461815 0.445573 0.895245
0.466815 0.450044 0.893006
0.471815 0.454503 0.890745
0.476815 0.458951 0.888461
0.481815 0.463388 0.886155
0.486815 0.467813 0.883827
0.491815 0.472226 0.881477
0.496815 0.476628 0.879105
0.501815 0.481017 0.876711
0.506815 0.485395 0.874295
0.511815 0.48976 0.871857
0.516815 0.494113 0.869397
0.521815 0.498454 0.866916
0.526815 0.502782 0.864413
0.531815 0.507098 0.861888
0.536815 0.511401 0.859342
0.541815 0.515692 0.856774
0.546815 0.519969 0.854185
0.551815 0.524233 0.851575
0.556815 0.528485 0.848943
0.561815 0.532723 0.84629
0.566815 0.536948 0.843616
0.571815 0.541159 0.84092
0.576815 0.545357 0.838204
0.581815 0.549541 0.835467
0.586815 0.553711 0.832709
0.591815 0.557868 0.82993
0.596815 0.562011 0.82713
0.601815 0.566139 0.82431
0.606815 0.570254 0.821469
0.611815 0.574354 0.818607
0.616815 0.57844 0.815725
0.621815 0.582511 0.812823
0.626815 0.586568 0.8099
0.631815 0.59061 0.806957
0.636815 0.594637 0.803994
0.641815 0.59865 0.801011
0.646815 0.602648 0.798007
0.651815 0.60663 0.794984
0.656815 0.610597 0.791941
0.661815 0.614549 0.788878
0.666815 0.618486 0.785796
0.671815 0.622407 0.782693
0.676815 0.626313 0.779572
0.681815 0.630203 0.77643
0.686815 0.634077 0.77327
0.691815 0.637936 0.77009
0.696815 0.641778 0.76689
0.701815 0.645605 0.763672
0.706815 0.649415 0.760434
0.711815 0.653209 0.757178
0.716815 0.656987 0.753902
0.721815 0.660748 0.750608
0.726815 0.664493 0.747295
0.731815 0.668221 0.743963
0.736815 0.671932 0.740613
0.741815 0.675627 0.737244
0.746815 0.679305 0.733856
0.751815 0.682965 0.730451
0.756815 0.686609 0.727027
0.761815 0.690236 0.723585
0.766815 0.693845 0.720124
0.771815 0.697437 0.716646
0.776815 0.701011 0.71315
0.781815 0.704568 0.709636
0.786815 0.708108 0.706104
0.791815 0.711629 0.702555
0.796815 0.715133 0.698988
0.801815 0.718619 0.695404
0.806815 0.722087 0.691802
0.811815 0.725537 0.688183
0.816815 0.728969 0.684547
0.821815 0.732383 0.680893
0.826815 0.735778 0.677223
0.831815 0.739155 0.673536
0.836815 0.742513 0.669831
0.841815 0.745853 0.66611
0.846815 0.749174 0.662373
0.851815 0.752477 0.658619
0.856815 0.755761 0.654848
0.861815 0.759025 0.651061
0.866815 0.762271 0.647258
0.871815 0.765498 0.643438
0.876815 0.768705 0.639603
0.881815 0.771894 0.635751
0.886815 0.775063 0.631884
0.891815 0.778213 0.628001
0.896815 0.781343 0.624102
0.901815 0.784454 0.620187
0.906815 0.787545 0.616257
0.911815 0.790616 0.612312
0.916815 0.793668 0.608351
0.921815 0.7967 0.604375
0.926815 0.799712 0.600384
0.931815 0.802704 0.596378
0.936815 0.805675 0.592357
0.941815 0.808627 0.588322
0.946815 0.811559 0.584271
0.951815 0.81447 0.580206
0.956815 0.817361 0.576126
0.961815 0.820231 0.572032
0.966815 0.823081 0.567924
0.971815 0.82591 0.563802
0.976815 0.828719 0.559665
0.981815 0.831507 0.555515
0.986815 0.834274 0.55135
0.991815 0.83702 0.547172
0.996815 0.839746 0.54298
1.00181 0.84245 0.538774
1.00681 0.845133 0.534555
1.01181 0.847796 0.530323
1.01681 0.850437 0.526078
1.02181 0.853056 0.521819
1.02681 0.855655 0.517547
1.03181 0.858232 0.513262
1.03681 0.860787 0.508965
1.04181 0.863321 0.504654
1.04681 0.865834 0.500332
1.05181 0.868325 0.495996
1.05681 0.870794 0.491648
1.06181 0.873241 0.487288
1.06681 0.875667 0.482916
1.07181 0.87807 0.478532
1.07681 0.880452 0.474135
1.08181 0.882812 0.469727
1.08681 0.885149 0.465307
1.09181 0.887465 0.460876
1.09681 0.889758 0.456433
1.10181 0.892029 0.451978
1.10681 0.894278 0.447512
1.11181 0.896504 0.443035
1.11681 0.898708 0.438547
1.12181 0.90089 0.434048
1.12681 0.903049 0.429538
1.13181 0.905185 0.425018
1.13681 0.907299 0.420487
1.14181 0.90939 0.415945
1.14681 0.911458 0.411393
1.15181 0.913504 0.40683
1.15681 0.915526 0.402258
1.16181 0.917526 0.397675
1.16681 0.919503 0.393083
1.17181 0.921457 0.38848
1.17681 0.923388 0.383868
1.18181 0.925296 0.379246
1.18681 0.92718 0.374615
1.19181 0.929042 0.369975
1.19681 0.93088 0.365325
1.20181 0.932695 0.360666
1.20681 0.934487 0.355998
1.21181 0.936255 0.351321
1.21681 0.938 0.346635
1.22181 0.939721 0.341941
1.22681 0.941419 0.337238
1.23181 0.943094 0.332527
1.23681 0.944745 0.327807
1.24181 0.946372 0.323079
1.24681 0.947975 0.318344
1.25181 0.949555 0.3136
1.25681 0.951111 0.308848
1.26181 0.952644 0.304089
1.26681 0.954152 0.299322
1.27181 0.955637 0.294547
1.27681 0.957098 0.289765
1.28181 0.958535 0.284976
1.28681 0.959947 0.28018
1.29181 0.961336 0.275377
1.29681 0.962701 0.270567
1.30181 0.964042 0.26575
1.30681 0.965359 0.260926
1.31181 0.966651 0.256096
1.31681 0.96792 0.25126
1.32181 0.969164 0.246417
1.32681 0.970384 0.241568
1.33181 0.97158 0.236713
1.33681 0.972751 0.231852
1.34181 0.973898 0.226986
1.34681 0.975021 0.222114
1.35181 0.976119 0.217236
1.35681 0.977193 0.212352
1.36181 0.978243 0.207464
1.36681 0.979268 0.20257
1.37181 0.980268 0.197671
1.37681 0.981244 0.192767
1.38181 0.982196 0.187859
1.38681 0.983123 0.182945
1.39181 0.984026 0.178028
1.39681 0.984903 0.173105
1.40181 0.985757 0.168179
1.40681 0.986585 0.163248
1.41181 0.987389 0.158313
1.41681 0.988168 0.153374
1.42181 0.988923 0.148431
1.42681 0.989653 0.143485
1.43181 0.990358 0.138535
1.43681 0.991038 0.133581
1.44181 0.991693 0.128624
1.44681 0.992324 0.123664
1.45181 0.99293 0.118701
1.45681 0.993511 0.113735
1.46181 0.994067 0.108766
1.46681 0.994599 0.103794
1.47181 0.995105 0.0988201
1.47681 0.995587 0.0938433
1.48181 0.996044 0.0888643
1.48681 0.996476 0.0838829
1.49181 0.996883 0.0788995
1.49681 0.997265 0.0739142
1.50181 0.997622 0.0689269
1.50681 0.997954 0.063938
1.51181 0.998261 0.0589474
1.51681 0.998543 0.0539554
1.52181 0.998801 0.0489621
1.52681 0.999033 0.0439675
1.53181 0.99924 0.0389718
1.53681 0.999423 0.0339751
1.54181 0.99958 0.0289776
1.54681 0.999712 0.0239793
1.55181 0.99982 0.0189805
1.55681 0.999902 0.0139812
1.56181 0.99996 0.00898151
1.56681 0.999992 0.00398162
1.57181 0.999999 -0.00101837
1.57681 0.999982 -0.00601833
1.58181 0.999939 -0.0110181
1.58681 0.999872 -0.0160177
1.59181 0.999779 -0.0210168
1.59681 0.999662 -0.0260154
1.60181 0.999519 -0.0310134
1.60681 0.999351 -0.0360106
1.61181 0.999159 -0.0410069
1.61681 0.998941 -0.0460021
1.62181 0.998699 -0.0509962
1.62681 0.998431 -0.0559891
1.63181 0.998139 -0.0609805
1.63681 0.997822 -0.0659704
1.64181 0.997479 -0.0709587
1.64681 0.997112 -0.0759452
1.65181 0.99672 -0.0809298
1.65681 0.996303 -0.0859123
1.66181 0.995861 -0.0908927
1.66681 0.995394 -0.0958709
1.67181 0.994902 -0.100847
1.67681 0.994385 -0.10582
1.68181 0.993844 -0.11079
1.68681 0.993277 -0.115758
1.69181 0.992686 -0.120723
1.69681 0.99207 -0.125685
1.70181 0.991429 -0.130644
1.70681 0.990764 -0.135599
1.71181 0.990073 -0.140551
1.71681 0.989358 -0.1455
1.72181 0.988618 -0.150445
1.72681 0.987854 -0.155386
1.73181 0.987065 -0.160323
1.73681 0.986251 -0.165257
1.74181 0.985412 -0.170186
1.74681 0.984549 -0.175111
1.75181 0.983661 -0.180031
1.75681 0.982748 -0.184947
1.76181 0.981811 -0.189859
1.76681 0.98085 -0.194765
1.77181 0.979864 -0.199667
1.77681 0.978853 -0.204564
1.78181 0.977818 -0.209456
1.78681 0.976759 -0.214342
1.79181 0.975675 -0.219223
1.79681 0.974566 -0.224099
1.80181 0.973434 -0.228969
1.80681 0.972277 -0.233833
1.81181 0.971095 -0.238692
1.81681 0.96989 -0.243544
1.82181 0.96866 -0.248391
1.82681 0.967406 -0.253231
1.83181 0.966128 -0.258065
1.83681 0.964825 -0.262892
1.84181 0.963499 -0.267713
1.84681 0.962148 -0.272527
1.85181 0.960774 -0.277334
1.85681 0.959375 -0.282135
1.86181 0.957952 -0.286928
1.86681 0.956506 -0.291714
1.87181 0.955035 -0.296493
1.87681 0.953541 -0.301264
1.88181 0.952022 -0.306028
1.88681 0.95048 -0.310785
1.89181 0.948915 -0.315533
1.89681 0.947325 -0.320274
1.90181 0.945712 -0.325006
1.90681 0.944075 -0.329731
1.91181 0.942415 -0.334447
1.91681 0.940731 -0.339155
1.92181 0.939023 -0.343854
1.92681 0.937292 -0.348545
1.93181 0.935538 -0.353227
1.93681 0.93376 -0.3579
1.94181 0.931959 -0.362565
1.94681 0.930134 -0.36722
1.95181 0.928286 -0.371866
1.95681 0.926415 -0.376503
1.96181 0.924521 -0.38113
1.96681 0.922604 -0.385748
1.97181 0.920664 -0.390356
1.97681 0.918701 -0.394955
1.98181 0.916714 -0.399543
1.98681 0.914705 -0.404122
1.99181 0.912673 -0.40869
1.99681 0.910618 -0.413248
2.00181 0.908541 -0.417796
2.00681 0.90644 -0.422334
2.01181 0.904317 -0.426861
2.01681 0.902172 -0.431377
2.02181 0.900004 -0.435882
2.02681 0.897813 -0.440377
2.03181 0.8956 -0.44486
2.03681 0.893364 -0.449333
2.04181 0.891107 -0.453794
2.04681 0.888827 -0.458244
2.05181 0.886524 -0.462682
2.05681 0.8842 -0.467109
2.06181 0.881853 -0.471524
2.06681 0.879484 -0.475928
2.07181 0.877094 -0.480319
2.07681 0.874681 -0.484698
2.08181 0.872247 -0.489066
2.08681 0.869791 -0.493421
2.09181 0.867313 -0.497764
2.09681 0.864813 -0.502094
2.10181 0.862292 -0.506412
2.10681 0.859749 -0.510717
2.11181 0.857185 -0.515009
2.11681 0.854599 -0.519289
2.12181 0.851992 -0.523555
2.12681 0.849363 -0.527809
2.13181 0.846714 -0.532049
2.13681 0.844043 -0.536276
2.14181 0.841351 -0.540489
2.14681 0.838638 -0.544689
2.15181 0.835904 -0.548875
2.15681 0.833149 -0.553048
2.16181 0.830374 -0.557207
2.16681 0.827577 -0.561352
2.17181 0.82476 -0.565483
2.17681 0.821922 -0.569599
2.18181 0.819064 -0.573702
2.18681 0.816185 -0.57779
2.19181 0.813286 -0.581864
2.19681 0.810367 -0.585923
2.20181 0.807427 -0.589967
2.20681 0.804467 -0.593997
2.21181 0.801487 -0.598012
2.21681 0.798487 -0.602012
2.22181 0.795467 -0.605997
2.22681 0.792427 -0.609967
2.23181 0.789367 -0.613921
2.23681 0.786288 -0.61786
2.24181 0.783189 -0.621784
2.24681 0.78007 -0.625692
2.25181 0.776932 -0.629585
2.25681 0.773774 -0.633461
2.26181 0.770597 -0.637322
2.26681 0.767401 -0.641167
2.27181 0.764186 -0.644996
2.27681 0.760951 -0.648809
2.28181 0.757698 -0.652606
2.28681 0.754425 -0.656386
2.29181 0.751134 -0.66015
2.29681 0.747824 -0.663897
2.30181 0.744495 -0.667628
2.30681 0.741147 -0.671342
2.31181 0.737782 -0.67504
2.31681 0.734397 -0.67872
2.32181 0.730994 -0.682384
2.32681 0.727573 -0.68603
2.33181 0.724134 -0.689659
2.33681 0.720677 -0.693271
2.34181 0.717201 -0.696866
2.34681 0.713708 -0.700443
2.35181 0.710197 -0.704003
2.35681 0.706668 -0.707545
2.36181 0.703122 -0.71107
2.36681 0.699557 -0.714576
2.37181 0.695976 -0.718065
2.37681 0.692377 -0.721536
2.38181 0.68876 -0.724989
2.38681 0.685127 -0.728424
2.39181 0.681476 -0.73184
2.39681 0.677809 -0.735238
2.40181 0.674124 -0.738618
2.40681 0.670422 -0.74198
2.41181 0.666704 -0.745322
2.41681 0.662969 -0.748647
2.42181 0.659218 -0.751952
2.42681 0.65545 -0.755239
2.43181 0.651665 -0.758507
2.43681 0.647865 -0.761755
2.44181 0.644048 -0.764985
2.44681 0.640215 -0.768196
2.45181 0.636366 -0.771387
2.45681 0.632501 -0.77456
2.46181 0.62862 -0.777712
2.46681 0.624724 -0.780846
2.47181 0.620812 -0.78396
2.47681 0.616884 -0.787054
2.48181 0.612941 -0.790128
2.48681 0.608983 -0.793183
2.49181 0.60501 -0.796218
2.49681 0.601021 -0.799233
2.50181 0.597017 -0.802228
2.50681 0.592999 -0.805203
2.51181 0.588965 -0.808158
2.51681 0.584917 -0.811093
2.52181 0.580854 -0.814007
2.52681 0.576777 -0.816902
2.53181 0.572685 -0.819775
2.53681 0.568579 -0.822628
2.54181 0.564459 -0.825461
2.54681 0.560325 -0.828273
2.55181 0.556177 -0.831064
2.55681 0.552014 -0.833835
2.56181 0.547838 -0.836584
2.56681 0.543648 -0.839313
2.57181 0.539445 -0.842021
2.57681 0.535228 -0.844707
2.58181 0.530998 -0.847373
2.58681 0.526755 -0.850017
2.59181 0.522498 -0.852641
2.59681 0.518228 -0.855242
2.60181 0.513946 -0.857823
2.60681 0.50965 -0.860382
2.61181 0.505342 -0.862919
2.61681 0.501021 -0.865435
2.62181 0.496687 -0.867929
2.62681 0.492342 -0.870402
2.63181 0.487983 -0.872853
2.63681 0.483613 -0.875282
2.64181 0.479231 -0.877689
2.64681 0.474836 -0.880074
2.65181 0.47043 -0.882437
2.65681 0.466012 -0.884778
2.66181 0.461582 -0.887097
2.66681 0.457141 -0.889394
2.67181 0.452688 -0.891669
2.67681 0.448224 -0.893921
2.68181 0.443749 -0.896151
2.68681 0.439263 -0.898359
2.69181 0.434766 -0.900544
2.69681 0.430257 -0.902706
2.70181 0.425739 -0.904846
2.70681 0.421209 -0.906964
2.71181 0.416669 -0.909058
2.71681 0.412118 -0.91113
2.72181 0.407558 -0.913179
2.72681 0.402987 -0.915206
2.73181 0.398406 -0.917209
2.73681 0.393815 -0.91919
2.74181 0.389214 -0.921147
2.74681 0.384603 -0.923082
2.75181 0.379983 -0.924993
2.75681 0.375353 -0.926882
2.76181 0.370714 -0.928747
2.76681 0.366066 -0.930589
2.77181 0.361408 -0.932408
2.77681 0.356742 -0.934203
2.78181 0.352066 -0.935975
2.78681 0.347382 -0.937724
2.79181 0.342689 -0.939449
2.79681 0.337988 -0.941151
2.80181 0.333278 -0.942829
2.80681 0.328559 -0.944483
2.81181 0.323833 -0.946114
2.81681 0.319098 -0.947722
2.82181 0.314356 -0.949305
2.82681 0.309605 -0.950865
2.83181 0.304847 -0.952401
2.83681 0.300081 -0.953914
2.84181 0.295308 -0.955402
2.84681 0.290527 -0.956867
2.85181 0.285739 -0.958307
2.85681 0.280944 -0.959724
2.86181 0.276142 -0.961117
2.86681 0.271333 -0.962485
2.87181 0.266517 -0.96383
2.87681 0.261695 -0.965151
2.88181 0.256866 -0.966447
2.88681 0.252031 -0.967719
2.89181 0.247189 -0.968967
2.89681 0.242341 -0.970191
2.90181 0.237487 -0.971391
2.90681 0.232627 -0.972566
2.91181 0.227761 -0.973717
2.91681 0.22289 -0.974844
2.92181 0.218013 -0.975946
2.92681 0.21313 -0.977024
2.93181 0.208243 -0.978077
2.93681 0.20335 -0.979106
2.94181 0.198452 -0.980111
2.94681 0.193549 -0.981091
2.95181 0.188641 -0.982046
2.95681 0.183728 -0.982977
2.96181 0.178811 -0.983883
2.96681 0.173889 -0.984765
2.97181 0.168964 -0.985622
2.97681 0.164033 -0.986455
2.98181 0.159099 -0.987263
2.98681 0.154161 -0.988046
2.99181 0.149219 -0.988804
2.99681 0.144273 -0.989538
3.00181 0.139323 -0.990247
3.00681 0.13437 -0.990931
3.01181 0.129414 -0.991591
3.01681 0.124454 -0.992225
3.02181 0.119492 -0.992835
3.02681 0.114526 -0.99342
3.03181 0.109558 -0.99398
3.03681 0.104586 -0.994516
3.04181 0.0996125 -0.995026
3.04681 0.0946361 -0.995512
3.05181 0.0896574 -0.995973
3.05681 0.0846764 -0.996408
3.06181 0.0796934 -0.996819
3.06681 0.0747083 -0.997205
3.07181 0.0697214 -0.997567
3.07681 0.0647327 -0.997903
3.08181 0.0597424 -0.998214
3.08681 0.0547506 -0.9985
3.09181 0.0497574 -0.998761
3.09681 0.044763 -0.998998
3.10181 0.0397675 -0.999209
3.10681 0.034771 -0.999395
3.11181 0.0297736 -0.999557
3.11681 0.0247754 -0.999693
3.12181 0.0197767 -0.999804
3.12681 0.0147774 -0.999891
3.13181 0.0097778 -0.999952
3.13681 0.00477794 -0.999989
3.14181 -0.000222039 -1
3.14681 -0.00522202 -0.999986
3.15181 -0.0102219 -0.999948
3.15681 -0.0152215 -0.999884
3.16181 -0.0202207 -0.999796
3.16681 -0.0252194 -0.999682
3.17181 -0.0302174 -0.999543
3.17681 -0.0352148 -0.99938
3.18181 -0.0402112 -0.999191
3.18681 -0.0452066 -0.998978
3.19181 -0.0502009 -0.998739
3.19681 -0.055194 -0.998476
3.20181 -0.0601856 -0.998187
3.20681 -0.0651758 -0.997874
3.21181 -0.0701643 -0.997535
3.21681 -0.0751511 -0.997172
3.22181 -0.080136 -0.996784
3.22681 -0.0851189 -0.996371
3.23181 -0.0900997 -0.995933
3.23681 -0.0950782 -0.99547
3.24181 -0.100054 -0.994982
3.24681 -0.105028 -0.994469
3.25181 -0.109999 -0.993932
3.25681 -0.114967 -0.993369
3.26181 -0.119933 -0.992782
3.26681 -0.124895 -0.99217
3.27181 -0.129854 -0.991533
3.27681 -0.13481 -0.990871
3.28181 -0.139763 -0.990185
3.28681 -0.144712 -0.989474
3.29181 -0.149658 -0.988738
3.29681 -0.154599 -0.987977
3.30181 -0.159537 -0.987192
3.30681 -0.164471 -0.986382
3.31181 -0.169401 -0.985547
3.31681 -0.174327 -0.984688
3.32181 -0.179248 -0.983804
3.32681 -0.184165 -0.982895
3.33181 -0.189077 -0.981962
3.33681 -0.193984 -0.981005
3.34181 -0.198887 -0.980022
3.34681 -0.203785 -0.979016
3.35181 -0.208677 -0.977985
3.35681 -0.213564 -0.976929
3.36181 -0.218446 -0.975849
3.36681 -0.223323 -0.974745
3.37181 -0.228194 -0.973616
3.37681 -0.233059 -0.972463
3.38181 -0.237918 -0.971285
3.38681 -0.242772 -0.970083
3.39181 -0.247619 -0.968857
3.39681 -0.25246 -0.967607
3.40181 -0.257295 -0.966333
3.40681 -0.262124 -0.965034
3.41181 -0.266945 -0.963712
3.41681 -0.271761 -0.962365
3.42181 -0.276569 -0.960994
3.42681 -0.281371 -0.959599
3.43181 -0.286165 -0.95818
3.43681 -0.290952 -0.956738
3.44181 -0.295732 -0.955271
3.44681 -0.300505 -0.95378
3.45181 -0.30527 -0.952266
3.45681 -0.310028 -0.950728
3.46181 -0.314777 -0.949166
3.46681 -0.319519 -0.94758
3.47181 -0.324253 -0.94597
3.47681 -0.328979 -0.944337
3.48181 -0.333696 -0.942681
3.48681 -0.338406 -0.941
3.49181 -0.343106 -0.939297
3.49681 -0.347799 -0.937569
3.50181 -0.352482 -0.935819
3.50681 -0.357157 -0.934044
3.51181 -0.361822 -0.932247
3.51681 -0.366479 -0.930426
3.52181 -0.371127 -0.928582
3.52681 -0.375765 -0.926715
3.53181 -0.380394 -0.924825
3.53681 -0.385013 -0.922911
3.54181 -0.389623 -0.920975
3.54681 -0.394223 -0.919015
3.55181 -0.398813 -0.917032
3.55681 -0.403393 -0.915027
3.56181 -0.407963 -0.912998
3.56681 -0.412523 -0.910947
3.57181 -0.417073 -0.908873
3.57681 -0.421612 -0.906776
3.58181 -0.42614 -0.904657
3.58681 -0.430658 -0.902515
3.59181 -0.435165 -0.90035
3.59681 -0.439662 -0.898163
3.60181 -0.444147 -0.895954
3.60681 -0.448621 -0.893722
3.61181 -0.453084 -0.891468
3.61681 -0.457536 -0.889191
3.62181 -0.461976 -0.886892
3.62681 -0.466405 -0.884571
3.63181 -0.470822 -0.882228
3.63681 -0.475227 -0.879863
3.64181 -0.47962 -0.877476
3.64681 -0.484002 -0.875067
3.65181 -0.488371 -0.872636
3.65681 -0.492728 -0.870183
3.66181 -0.497073 -0.867709
3.66681 -0.501405 -0.865213
3.67181 -0.505725 -0.862695
3.67681 -0.510032 -0.860155
3.68181 -0.514326 -0.857595
3.68681 -0.518608 -0.855012
3.69181 -0.522877 -0.852408
3.69681 -0.527132 -0.849783
3.70181 -0.531374 -0.847137
3.70681 -0.535603 -0.84447
3.71181 -0.539819 -0.841781
3.71681 -0.544021 -0.839072
3.72181 -0.54821 -0.836341
3.72681 -0.552384 -0.833589
3.73181 -0.556546 -0.830817
3.73681 -0.560693 -0.828024
3.74181 -0.564826 -0.82521
3.74681 -0.568945 -0.822376
3.75181 -0.573049 -0.819521
3.75681 -0.57714 -0.816645
3.76181 -0.581216 -0.813749
3.76681 -0.585277 -0.810833
3.77181 -0.589324 -0.807897
3.77681 -0.593356 -0.80494
3.78181 -0.597374 -0.801963
3.78681 -0.601376 -0.798966
3.79181 -0.605363 -0.795949
3.79681 -0.609335 -0.792913
3.80181 -0.613292 -0.789856
3.80681 -0.617234 -0.78678
3.81181 -0.62116 -0.783684
3.81681 -0.625071 -0.780568
3.82181 -0.628966 -0.777433
3.82681 -0.632845 -0.774279
3.83181 -0.636708 -0.771105
3.83681 -0.640556 -0.767911
3.84181 -0.644387 -0.764699
3.84681 -0.648203 -0.761468
3.85181 -0.652002 -0.758217
3.85681 -0.655785 -0.754948
3.86181 -0.659552 -0.751659
3.86681 -0.663302 -0.748352
3.87181 -0.667035 -0.745026
3.87681 -0.670752 -0.741682
3.88181 -0.674452 -0.738319
3.88681 -0.678135 -0.734937
3.89181 -0.681801 -0.731537
3.89681 -0.68545 -0.728119
3.90181 -0.689082 -0.724683
3.90681 -0.692697 -0.721229
3.91181 -0.696295 -0.717756
3.91681 -0.699875 -0.714266
3.92181 -0.703437 -0.710757
3.92681 -0.706982 -0.707231
3.93181 -0.71051 -0.703688
3.93681 -0.714019 -0.700126
3.94181 -0.717511 -0.696547
3.94681 -0.720985 -0.692951
3.95181 -0.72444 -0.689338
3.95681 -0.727878 -0.685707
3.96181 -0.731297 -0.682059
3.96681 -0.734698 -0.678394
3.97181 -0.738081 -0.674712
3.97681 -0.741446 -0.671013
3.98181 -0.744791 -0.667297
3.98681 -0.748118 -0.663565
3.99181 -0.751427 -0.659816
3.99681 -0.754717 -0.656051
4.00181 -0.757987 -0.652269
4.00681 -0.761239 -0.648471
4.01181 -0.764472 -0.644657
4.01681 -0.767686 -0.640826
4.02181 -0.77088 -0.63698
4.02681 -0.774056 -0.633118
4.03181 -0.777211 -0.629239
4.03681 -0.780348 -0.625346
4.04181 -0.783465 -0.621436
4.04681 -0.786562 -0.617511
4.05181 -0.78964 -0.61357
4.05681 -0.792698 -0.609615
4.06181 -0.795736 -0.605643
4.06681 -0.798754 -0.601657
4.07181 -0.801753 -0.597656
4.07681 -0.804731 -0.59364
4.08181 -0.807689 -0.589609
4.08681 -0.810627 -0.585563
4.09181 -0.813545 -0.581502
4.09681 -0.816442 -0.577427
4.10181 -0.819319 -0.573338
4.10681 -0.822175 -0.569234
4.11181 -0.825011 -0.565116
4.11681 -0.827826 -0.560984
4.12181 -0.830621 -0.556838
4.12681 -0.833395 -0.552678
4.13181 -0.836148 -0.548504
4.13681 -0.83888 -0.544317
4.14181 -0.841591 -0.540115
4.14681 -0.844281 -0.535901
4.15181 -0.84695 -0.531673
4.15681 -0.849598 -0.527431
4.16181 -0.852224 -0.523177
4.16681 -0.854829 -0.518909
4.17181 -0.857413 -0.514628
4.17681 -0.859976 -0.510335
4.18181 -0.862517 -0.506029
4.18681 -0.865036 -0.50171
4.19181 -0.867534 -0.497378
4.19681 -0.87001 -0.493035
4.20181 -0.872464 -0.488678
4.20681 -0.874896 -0.48431
4.21181 -0.877307 -0.479929
4.21681 -0.879696 -0.475537
4.22181 -0.882062 -0.471133
4.22681 -0.884407 -0.466716
4.23181 -0.88673 -0.462288
4.23681 -0.88903 -0.457849
4.24181 -0.891308 -0.453398
4.24681 -0.893564 -0.448936
4.25181 -0.895797 -0.444463
4.25681 -0.898009 -0.439978
4.26181 -0.900197 -0.435483
4.26681 -0.902363 -0.430976
4.27181 -0.904507 -0.426459
4.27681 -0.906628 -0.421931
4.28181 -0.908726 -0.417393
4.28681 -0.910802 -0.412844
4.29181 -0.912855 -0.408285
4.29681 -0.914885 -0.403715
4.30181 -0.916892 -0.399136
4.30681 -0.918876 -0.394547
4.31181 -0.920837 -0.389947
4.31681 -0.922775 -0.385338
4.32181 -0.924691 -0.38072
4.32681 -0.926583 -0.376091
4.33181 -0.928451 -0.371454
4.33681 -0.930297 -0.366807
4.34181 -0.93212 -0.362151
4.34681 -0.933919 -0.357486
4.35181 -0.935694 -0.352812
4.35681 -0.937447 -0.348129
4.36181 -0.939176 -0.343437
4.36681 -0.940881 -0.338737
4.37181 -0.942563 -0.334028
4.37681 -0.944221 -0.329311
4.38181 -0.945856 -0.324586
4.38681 -0.947467 -0.319853
4.39181 -0.949055 -0.315112
4.39681 -0.950618 -0.310362
4.40181 -0.952158 -0.305605
4.40681 -0.953674 -0.300841
4.41181 -0.955167 -0.296069
4.41681 -0.956635 -0.291289
4.42181 -0.958079 -0.286502
4.42681 -0.9595 -0.281709
4.43181 -0.960897 -0.276908
4.43681 -0.962269 -0.2721
4.44181 -0.963618 -0.267285
4.44681 -0.964942 -0.262463
4.45181 -0.966242 -0.257635
4.45681 -0.967518 -0.252801
4.46181 -0.96877 -0.24796
4.46681 -0.969998 -0.243113
4.47181 -0.971201 -0.23826
4.47681 -0.97238 -0.233401
4.48181 -0.973535 -0.228537
4.48681 -0.974666 -0.223666
4.49181 -0.975772 -0.21879
4.49681 -0.976854 -0.213908
4.50181 -0.977911 -0.209022
4.50681 -0.978944 -0.204129
4.51181 -0.979952 -0.199232
4.51681 -0.980936 -0.19433
4.52181 -0.981896 -0.189423
4.52681 -0.98283 -0.184511
4.53181 -0.983741 -0.179595
4.53681 -0.984626 -0.174674
4.54181 -0.985487 -0.169748
4.54681 -0.986324 -0.164819
4.55181 -0.987136 -0.159885
4.55681 -0.987923 -0.154947
4.56181 -0.988685 -0.150006
4.56681 -0.989423 -0.145061
4.57181 -0.990136 -0.140112
4.57681 -0.990824 -0.135159
4.58181 -0.991487 -0.130204
4.58681 -0.992126 -0.125245
4.59181 -0.99274 -0.120282
4.59681 -0.993329 -0.115317
4.60181 -0.993893 -0.110349
4.60681 -0.994432 -0.105378
4.61181 -0.994947 -0.100405
4.61681 -0.995436 -0.0954289
4.62181 -0.995901 -0.0904505
4.62681 -0.996341 -0.0854699
4.63181 -0.996756 -0.0804871
4.63681 -0.997146 -0.0755024
4.64181 -0.997511 -0.0705157
4.64681 -0.997851 -0.0655273
4.65181 -0.998166 -0.0605373
4.65681 -0.998456 -0.0555457
4.66181 -0.998721 -0.0505527
4.66681 -0.998962 -0.0455585
4.67181 -0.999177 -0.0405632
4.67681 -0.999367 -0.0355668
4.68181 -0.999533 -0.0305695
4.68681 -0.999673 -0.0255715
4.69181 -0.999788 -0.0205728
4.69681 -0.999879 -0.0155737
4.70181 -0.999944 -0.0105741
4.70681 -0.999984 -0.00557426
4.71181 -1 -0.000574287
4.71681 -0.99999 0.0044257
4.72181 -0.999956 0.00942557
4.72681 -0.999896 0.0144252
4.73181 -0.999811 0.0194245
4.73681 -0.999702 0.0244233
4.74181 -0.999567 0.0294215
4.74681 -0.999407 0.0344189
4.75181 -0.999223 0.0394155
4.75681 -0.999013 0.0444111
4.76181 -0.998779 0.0494056
4.76681 -0.998519 0.0543988
4.77181 -0.998235 0.0593907
4.77681 -0.997925 0.0643812
4.78181 -0.997591 0.06937
4.78681 -0.997232 0.074357
4.79181 -0.996847 0.0793422
4.79681 -0.996438 0.0843255
4.80181 -0.996004 0.0893066
4.80681 -0.995545 0.0942855
4.81181 -0.995061 0.099262
4.81681 -0.994553 0.104236
4.82181 -0.994019 0.109207
4.82681 -0.993461 0.114176
4.83181 -0.992877 0.119142
4.83681 -0.992269 0.124105
4.84181 -0.991636 0.129065
4.84681 -0.990978 0.134021
4.85181 -0.990296 0.138974
4.85681 -0.989589 0.143924
4.86181 -0.988857 0.14887
4.86681 -0.9881 0.153813
4.87181 -0.987319 0.158751
4.87681 -0.986513 0.163686
4.88181 -0.985682 0.168616
4.88681 -0.984826 0.173543
4.89181 -0.983946 0.178465
4.89681 -0.983042 0.183382
4.90181 -0.982113 0.188295
4.90681 -0.981159 0.193203
4.91181 -0.980181 0.198106
4.91681 -0.979178 0.203005
4.92181 -0.97815 0.207898
4.92681 -0.977099 0.212786
4.93181 -0.976023 0.217669
4.93681 -0.974922 0.222547
4.94181 -0.973797 0.227418
4.94681 -0.972648 0.232284
4.95181 -0.971474 0.237145
4.95681 -0.970276 0.241999
4.96181 -0.969054 0.246847
4.96681 -0.967808 0.25169
4.97181 -0.966537 0.256526
4.97681 -0.965243 0.261355
4.98181 -0.963924 0.266178
4.98681 -0.962581 0.270994
4.99181 -0.961214 0.275804
4.99681 -0.959823 0.280606
5.00181 -0.958408 0.285402
5.00681 -0.956969 0.29019
5.01181 -0.955506 0.294972
5.01681 -0.954019 0.299745
5.02181 -0.952509 0.304512
5.02681 -0.950974 0.30927
5.03181 -0.949416 0.314021
5.03681 -0.947834 0.318765
5.04181 -0.946228 0.3235
5.04681 -0.944599 0.328227
5.05181 -0.942946 0.332946
5.05681 -0.94127 0.337656
5.06181 -0.939569 0.342358
5.06681 -0.937846 0.347052
5.07181 -0.936099 0.351737
5.07681 -0.934329 0.356413
5.08181 -0.932535 0.36108
5.08681 -0.930718 0.365738
5.09181 -0.928877 0.370387
5.09681 -0.927014 0.375027
5.10181 -0.925127 0.379657
5.10681 -0.923217 0.384278
5.11181 -0.921284 0.388889
5.11681 -0.919329 0.393491
5.12181 -0.91735 0.398083
5.12681 -0.915348 0.402664
5.13181 -0.913323 0.407236
5.13681 -0.911275 0.411798
5.14181 -0.909205 0.416349
5.14681 -0.907112 0.42089
5.15181 -0.904996 0.42542
5.15681 -0.902858 0.429939
5.16181 -0.900697 0.434448
5.16681 -0.898513 0.438946
5.17181 -0.896307 0.443433
5.17681 -0.894079 0.447909
5.18181 -0.891828 0.452374
5.18681 -0.889555 0.456828
5.19181 -0.88726 0.46127
5.19681 -0.884943 0.4657
5.20181 -0.882603 0.470119
5.20681 -0.880241 0.474526
5.21181 -0.877858 0.478921
5.21681 -0.875452 0.483305
5.22181 -0.873025 0.487676
5.22681 -0.870575 0.492035
5.23181 -0.868104 0.496382
5.23681 -0.865612 0.500716
5.24181 -0.863097 0.505038
5.24681 -0.860561 0.509347
5.25181 -0.858004 0.513643
5.25681 -0.855425 0.517927
5.26181 -0.852825 0.522198
5.26681 -0.850203 0.526455
5.27181 -0.84756 0.5307
5.27681 -0.844896 0.534931
5.28181 -0.842211 0.539148
5.28681 -0.839504 0.543353
5.29181 -0.836777 0.547543
5.29681 -0.834029 0.551721
5.30181 -0.83126 0.555884
5.30681 -0.82847 0.560033
5.31181 -0.82566 0.564168
5.31681 -0.822829 0.56829
5.32181 -0.819977 0.572397
5.32681 -0.817105 0.576489
5.33181 -0.814212 0.580568
5.33681 -0.811299 0.584631
5.34181 -0.808366 0.588681
5.34681 -0.805412 0.592715
5.35181 -0.802439 0.596735
5.35681 -0.799445 0.600739
5.36181 -0.796431 0.604729
5.36681 -0.793398 0.608704
5.37181 -0.790344 0.612663
5.37681 -0.787271 0.616607
5.38181 -0.784178 0.620536
5.38681 -0.781066 0.624449
5.39181 -0.777934 0.628346
5.39681 -0.774782 0.632228
5.40181 -0.771611 0.636094
5.40681 -0.768421 0.639944
5.41181 -0.765212 0.643778
5.41681 -0.761984 0.647596
5.42181 -0.758736 0.651398
5.42681 -0.75547 0.655184
5.43181 -0.752184 0.658953
5.43681 -0.74888 0.662705
5.44181 -0.745557 0.666442
5.44681 -0.742216 0.670161
5.45181 -0.738856 0.673864
5.45681 -0.735477 0.67755
5.46181 -0.73208 0.681218
5.46681 -0.728665 0.68487
5.47181 -0.725232 0.688505
5.47681 -0.72178 0.692123
5.48181 -0.71831 0.695723
5.48681 -0.714823 0.699306
5.49181 -0.711317 0.702871
5.49681 -0.707794 0.706419
5.50181 -0.704253 0.709949
5.50681 -0.700695 0.713461
5.51181 -0.697119 0.716956
5.51681 -0.693525 0.720432
5.52181 -0.689914 0.723891
5.52681 -0.686286 0.727332
5.53181 -0.682641 0.730754
5.53681 -0.678979 0.734158
5.54181 -0.675299 0.737544
5.54681 -0.671603 0.740911
5.55181 -0.66789 0.74426
5.55681 -0.664161 0.74759
5.56181 -0.660414 0.750901
5.56681 -0.656652 0.754194
5.57181 -0.652873 0.757468
5.57681 -0.649077 0.760723
5.58181 -0.645265 0.763958
5.58681 -0.641438 0.767175
5.59181 -0.637594 0.770373
5.59681 -0.633734 0.773551
5.60181 -0.629858 0.77671
5.60681 -0.625967 0.77985
5.61181 -0.62206 0.78297
5.61681 -0.618137 0.78607
5.62181 -0.614199 0.789151
5.62681 -0.610246 0.792212
5.63181 -0.606277 0.795254
5.63681 -0.602293 0.798275
5.64181 -0.598294 0.801276
5.64681 -0.59428 0.804258
5.65181 -0.590252 0.807219
5.65681 -0.586208 0.81016
5.66181 -0.58215 0.813081
5.66681 -0.578077 0.815982
5.67181 -0.57399 0.818862
5.67681 -0.569889 0.821722
5.68181 -0.565773 0.824561
5.68681 -0.561643 0.827379
5.69181 -0.557499 0.830177
5.69681 -0.553342 0.832954
5.70181 -0.54917 0.835711
5.70681 -0.544984 0.838446
5.71181 -0.540785 0.841161
5.71681 -0.536573 0.843854
5.72181 -0.532347 0.846526
5.72681 -0.528108 0.849177
5.73181 -0.523855 0.851807
5.73681 -0.51959 0.854416
5.74181 -0.515311 0.857003
5.74681 -0.51102 0.859569
5.75181 -0.506715 0.862113
5.75681 -0.502399 0.864636
5.76181 -0.498069 0.867137
5.76681 -0.493727 0.869617
5.77181 -0.489373 0.872075
5.77681 -0.485007 0.874511
5.78181 -0.480628 0.876925
5.78681 -0.476237 0.879317
5.79181 -0.471835 0.881687
5.79681 -0.46742 0.884035
5.80181 -0.462994 0.886361
5.80681 -0.458557 0.888665
5.81181 -0.454108 0.890947
5.81681 -0.449647 0.893206
5.82181 -0.445176 0.895443
5.82681 -0.440693 0.897658
5.83181 -0.436199 0.89985
5.83681 -0.431695 0.90202
5.84181 -0.427179 0.904167
5.84681 -0.422653 0.906292
5.85181 -0.418116 0.908394
5.85681 -0.413569 0.910473
5.86181 -0.409012 0.912529
5.86681 -0.404444 0.914563
5.87181 -0.399866 0.916574
5.87681 -0.395278 0.918561
5.88181 -0.39068 0.920526
5.88681 -0.386073 0.922468
5.89181 -0.381456 0.924387
5.89681 -0.376829 0.926283
5.90181 -0.372193 0.928155
5.90681 -0.367548 0.930005
5.91181 -0.362893 0.931831
5.91681 -0.358229 0.933634
5.92181 -0.353557 0.935413
5.92681 -0.348875 0.937169
5.93181 -0.344185 0.938902
5.93681 -0.339486 0.940611
5.94181 -0.334779 0.942297
5.94681 -0.330063 0.943959
5.95181 -0.325339 0.945597
5.95681 -0.320607 0.947212
5.96181 -0.315867 0.948803
5.96681 -0.311119 0.950371
5.97181 -0.306364 0.951915
5.97681 -0.3016 0.953434
5.98181 -0.296829 0.954931
5.98681 -0.292051 0.956403
5.99181 -0.287265 0.957851
5.99681 -0.282473 0.959275
6.00181 -0.277673 0.960676
6.00681 -0.272866 0.962052
6.01181 -0.268052 0.963404
6.01681 -0.263232 0.964733
6.02181 -0.258405 0.966037
6.02681 -0.253571 0.967317
6.03181 -0.248732 0.968572
6.03681 -0.243886 0.969804
6.04181 -0.239034 0.971011
6.04681 -0.234176 0.972194
6.05181 -0.229312 0.973353
6.05681 -0.224442 0.974487
6.06181 -0.219567 0.975597
6.06681 -0.214686 0.976683
6.07181 -0.2098 0.977744
6.07681 -0.204909 0.978781
6.08181 -0.200012 0.979793
6.08681 -0.195111 0.980781
6.09181 -0.190205 0.981744
6.09681 -0.185294 0.982683
6.10181 -0.180378 0.983597
6.10681 -0.175458 0.984487
6.11181 -0.170533 0.985352
6.11681 -0.165604 0.986192
6.12181 -0.160671 0.987008
6.12681 -0.155734 0.987799
6.13181 -0.150793 0.988565
6.13681 -0.145849 0.989307
6.14181 -0.1409 0.990024
6.14681 -0.135948 0.990716
6.15181 -0.130993 0.991383
6.15681 -0.126035 0.992026
6.16181 -0.121073 0.992644
6.16681 -0.116108 0.993237
6.17181 -0.111141 0.993805
6.17681 -0.10617 0.994348
6.18181 -0.101197 0.994866
6.18681 -0.0962215 0.99536
6.19181 -0.0912435 0.995829
6.19681 -0.0862633 0.996272
6.20181 -0.0812808 0.996691
6.20681 -0.0762964 0.997085
6.21181 -0.07131 0.997454
6.21681 -0.0663219 0.997798
6.22181 -0.0613321 0.998117
6.22681 -0.0563408 0.998412
6.23181 -0.051348 0.998681
6.23681 -0.046354 0.998925
6.24181 -0.0413588 0.999144
6.24681 -0.0363626 0.999339
6.25181 -0.0313655 0.999508
6.25681 -0.0263676 0.999652
6.26181 -0.021369 0.999772
6.26681 -0.0163699 0.999866
6.27181 -0.0113704 0.999935
6.27681 -0.00637057 0.99998
6.28181 -0.00137061 0.999999
