# x f(x) derivative
0.01 0.1 5
0.015 0.122474 4.08248
0.02 0.141421 3.53553
0.025 0.158114 3.16228
0.03 0.173205 2.88675
0.035 0.187083 2.67261
0.04 0.2 2.5
0.045 0.212132 2.35702
0.05 0.223607 2.23607
0.055 0.234521 2.13201
0.06 0.244949 2.04124
0.065 0.254951 1.96116
0.07 0.264575 1.88982
0.075 0.273861 1.82574
0.08 0.282843 1.76777
0.085 0.291548 1.71499
0.09 0.3 1.66667
0.095 0.308221 1.62221
0.1 0.316228 1.58114
0.105 0.324037 1.54303
0.11 0.331662 1.50756
0.115 0.339116 1.47442
0.12 0.34641 1.44338
0.125 0.353553 1.41421
0.13 0.360555 1.38675
0.135 0.367423 1.36083
0.14 0.374166 1.33631
0.145 0.380789 1.31306
0.15 0.387298 1.29099
0.155 0.3937 1.27
0.16 0.4 1.25
0.165 0.406202 1.23091
0.17 0.412311 1.21268
0.175 0.41833 1.19523
0.18 0.424264 1.17851
0.185 0.430116 1.16248
0.19 0.43589 1.14708
0.195 0.441588 1.13228
0.2 0.447214 1.11803
0.205 0.452769 1.10432
0.21 0.458258 1.09109
0.215 0.463681 1.07833
0.22 0.469042 1.066
0.225 0.474342 1.05409
0.23 0.479583 1.04257
0.235 0.484768 1.03142
0.24 0.489898 1.02062
0.245 0.494975 1.01015
0.25 0.5 1
0.255 0.504975 0.990148
0.26 0.509902 0.980581
0.265 0.514782 0.971286
0.27 0.519615 0.96225
0.275 0.524404 0.953463
0.28 0.52915 0.944911
0.285 0.533854 0.936586
0.29 0.538516 0.928477
0.295 0.543139 0.920575
0.3 0.547723 0.912871
0.305 0.552268 0.905357
0.31 0.556776 0.898027
0.315 0.561249 0.890871
0.32 0.565685 0.883883
0.325 0.570088 0.877058
0.33 0.574456 0.870388
0.335 0.578792 0.863868
0.34 0.583095 0.857493
0.345 0.587367 0.851257
0.35 0.591608 0.845154
0.355 0.595819 0.839181
0.36 0.6 0.833333
0.365 0.604152 0.827606
0.37 0.608276 0.821995
0.375 0.612372 0.816497
0.38 0.616441 0.811107
0.385 0.620484 0.805823
0.39 0.6245 0.800641
0.395 0.62849 0.795557
0.4 0.632456 0.790569
0.405 0.636396 0.785674
0.41 0.640312 0.780869
0.415 0.644205 0.776151
0.42 0.648074 0.771517
0.425 0.65192 0.766965
0.43 0.655744 0.762493
0.435 0.659545 0.758098
0.44 0.663325 0.753778
0.445 0.667083 0.749532
0.45 0.67082 0.745356
0.455 0.674537 0.741249
0.46 0.678233 0.73721
0.465 0.681909 0.733236
0.47 0.685565 0.729325
0.475 0.689202 0.725476
0.48 0.69282 0.721688
0.485 0.696419 0.717958
0.49 0.7 0.714286
0.495 0.703562 0.710669
0.5 0.707107 0.707107
0.505 0.710634 0.703598
0.51 0.714143 0.70014
0.515 0.717635 0.696733
0.52 0.72111 0.693375
0.525 0.724569 0.690066
0.53 0.728011 0.686803
0.535 0.731437 0.683586
0.54 0.734847 0.680414
0.545 0.738241 0.677285
0.55 0.74162 0.6742
0.555 0.744983 0.671156
0.56 0.748331 0.668153
0.565 0.751665 0.66519
0.57 0.754983 0.662266
0.575 0.758288 0.65938
0.58 0.761577 0.656532
0.585 0.764853 0.65372
0.59 0.768115 0.650945
0.595 0.771362 0.648204
0.6 0.774597 0.645497
0.605 0.777817 0.642824
0.61 0.781025 0.640184
0.615 0.784219 0.637577
0.62 0.787401 0.635001
0.625 0.790569 0.632456
0.63 0.793725 0.629941
0.635 0.796869 0.627456
0.64 0.8 0.625
0.645 0.803119 0.622573
0.65 0.806226 0.620174
0.655 0.809321 0.617802
0.66 0.812404 0.615457
0.665 0.815475 0.613139
0.67 0.818535 0.610847
0.675 0.821584 0.608581
0.68 0.824621 0.606339
0.685 0.827647 0.604122
0.69 0.830662 0.601929
0.695 0.833667 0.59976
0.7 0.83666 0.597614
0.705 0.839643 0.595491
0.71 0.842615 0.593391
0.715 0.845577 0.591312
0.72 0.848528 0.589256
0.725 0.851469 0.58722
0.73 0.8544 0.585206
0.735 0.857321 0.583212
0.74 0.860233 0.581238
0.745 0.863134 0.579284
0.75 0.866025 0.57735
0.755 0.868907 0.575435
0.76 0.87178 0.573539
0.765 0.874643 0.571662
0.77 0.877496 0.569803
0.775 0.880341 0.567962
0.78 0.883176 0.566139
0.785 0.886002 0.564333
0.79 0.888819 0.562544
0.795 0.891628 0.560772
0.8 0.894427 0.559017
0.805 0.897218 0.557278
0.81 0.9 0.555556
0.815 0.902774 0.553849
0.82 0.905539 0.552158
0.825 0.908295 0.550482
0.83 0.911043 0.548821
0.835 0.913783 0.547176
0.84 0.916515 0.545545
0.845 0.919239 0.543928
0.85 0.921954 0.542326
0.855 0.924662 0.540738
0.86 0.927362 0.539164
0.865 0.930054 0.537603
0.87 0.932738 0.536056
0.875 0.935414 0.534522
0.88 0.938083 0.533002
0.885 0.940744 0.531494
0.89 0.943398 0.529999
0.895 0.946044 0.528516
0.9 0.948683 0.527046
0.905 0.951315 0.525588
0.91 0.953939 0.524142
0.915 0.956556 0.522708
0.92 0.959166 0.521286
0.925 0.961769 0.519875
0.93 0.964365 0.518476
0.935 0.966954 0.517088
0.94 0.969536 0.515711
0.945 0.972111 0.514344
0.95 0.974679 0.512989
0.955 0.977241 0.511645
0.96 0.979796 0.51031
0.965 0.982344 0.508987
0.97 0.984886 0.507673
0.975 0.987421 0.50637
0.98 0.989949 0.505076
0.985 0.992472 0.503793
0.99 0.994987 0.502519
0.995 0.997497 0.501255
1 1 0.5
1.005 1.0025 0.498755
1.01 1.00499 0.497519
1.015 1.00747 0.496292
1.02 1.00995 0.495074
1.025 1.01242 0.493865
1.03 1.01489 0.492665
1.035 1.01735 0.491473
1.04 1.0198 0.49029
1.045 1.02225 0.489116
1.05 1.0247 0.48795
1.055 1.02713 0.486792
1.06 1.02956 0.485643
1.065 1.03199 0.484502
1.07 1.03441 0.483368
1.075 1.03682 0.482243
1.08 1.03923 0.481125
1.085 1.04163 0.480015
1.09 1.04403 0.478913
1.095 1.04642 0.477818
1.1 1.04881 0.476731
1.105 1.05119 0.475651
1.11 1.05357 0.474579
1.115 1.05594 0.473514
1.12 1.0583 0.472456
1.125 1.06066 0.471405
1.13 1.06301 0.47036
1.135 1.06536 0.469323
1.14 1.06771 0.468293
1.145 1.07005 0.467269
1.15 1.07238 0.466252
1.155 1.07471 0.465242
1.16 1.07703 0.464238
1.165 1.07935 0.463241
1.17 1.08167 0.46225
1.175 1.08397 0.461266
1.18 1.08628 0.460287
1.185 1.08858 0.459315
1.19 1.09087 0.458349
1.195 1.09316 0.457389
1.2 1.09545 0.456435
1.205 1.09772 0.455488
1.21 1.1 0.454545
1.215 1.10227 0.453609
1.22 1.10454 0.452679
1.225 1.1068 0.451754
1.23 1.10905 0.450835
1.235 1.11131 0.449921
1.24 1.11355 0.449013
1.245 1.1158 0.448111
1.25 1.11803 0.447214
1.255 1.12027 0.446322
1.26 1.1225 0.445435
1.265 1.12472 0.444554
1.27 1.12694 0.443678
1.275 1.12916 0.442807
1.28 1.13137 0.441942
1.285 1.13358 0.441081
1.29 1.13578 0.440225
1.295 1.13798 0.439375
1.3 1.14018 0.438529
1.305 1.14237 0.437688
1.31 1.14455 0.436852
1.315 1.14673 0.436021
1.32 1.14891 0.435194
1.325 1.15109 0.434372
1.33 1.15326 0.433555
1.335 1.15542 0.432742
1.34 1.15758 0.431934
1.345 1.15974 0.431131
1.35 1.1619 0.430331
1.355 1.16404 0.429537
1.36 1.16619 0.428746
1.365 1.16833 0.42796
1.37 1.17047 0.427179
1.375 1.1726 0.426401
1.38 1.17473 0.425628
1.385 1.17686 0.424859
1.39 1.17898 0.424094
1.395 1.1811 0.423334
1.4 1.18322 0.422577
1.405 1.18533 0.421825
1.41 1.18743 0.421076
1.415 1.18954 0.420331
1.42 1.19164 0.419591
1.425 1.19373 0.418854
1.43 1.19583 0.418121
1.435 1.19791 0.417392
1.44 1.2 0.416667
1.445 1.20208 0.415945
1.45 1.20416 0.415227
1.455 1.20623 0.414513
1.46 1.2083 0.413803
1.465 1.21037 0.413096
1.47 1.21244 0.412393
1.475 1.2145 0.411693
1.48 1.21655 0.410997
1.485 1.21861 0.410305
1.49 1.22066 0.409616
1.495 1.2227 0.40893
1.5 1.22474 0.408248
1.505 1.22678 0.40757
1.51 1.22882 0.406894
1.515 1.23085 0.406222
1.52 1.23288 0.405554
1.525 1.23491 0.404888
1.53 1.23693 0.404226
1.535 1.23895 0.403567
1.54 1.24097 0.402911
1.545 1.24298 0.402259
1.55 1.24499 0.40161
1.555 1.247 0.400963
1.56 1.249 0.40032
1.565 1.251 0.39968
1.57 1.253 0.399043
1.575 1.25499 0.39841
1.58 1.25698 0.397779
1.585 1.25897 0.397151
1.59 1.26095 0.396526
1.595 1.26293 0.395904
1.6 1.26491 0.395285
1.605 1.26689 0.394669
1.61 1.26886 0.394055
1.615 1.27083 0.393445
1.62 1.27279 0.392837
1.625 1.27475 0.392232
1.63 1.27671 0.39163
1.635 1.27867 0.391031
1.64 1.28062 0.390434
1.645 1.28258 0.389841
1.65 1.28452 0.389249
1.655 1.28647 0.388661
1.66 1.28841 0.388075
1.665 1.29035 0.387492
1.67 1.29228 0.386912
1.675 1.29422 0.386334
1.68 1.29615 0.385758
1.685 1.29808 0.385186
1.69 1.3 0.384615
1.695 1.30192 0.384048
1.7 1.30384 0.383482
1.705 1.30576 0.38292
1.71 1.30767 0.38236
1.715 1.30958 0.381802
1.72 1.31149 0.381246
1.725 1.31339 0.380693
1.73 1.31529 0.380143
1.735 1.31719 0.379595
1.74 1.31909 0.379049
1.745 1.32098 0.378506
1.75 1.32288 0.377964
1.755 1.32476 0.377426
1.76 1.32665 0.376889
1.765 1.32853 0.376355
1.77 1.33041 0.375823
1.775 1.33229 0.375293
1.78 1.33417 0.374766
1.785 1.33604 0.374241
1.79 1.33791 0.373718
1.795 1.33978 0.373197
1.8 1.34164 0.372678
1.805 1.3435 0.372161
1.81 1.34536 0.371647
1.815 1.34722 0.371135
1.82 1.34907 0.370625
1.825 1.35093 0.370117
1.83 1.35277 0.369611
1.835 1.35462 0.369107
1.84 1.35647 0.368605
1.845 1.35831 0.368105
1.85 1.36015 0.367607
1.855 1.36198 0.367112
1.86 1.36382 0.366618
1.865 1.36565 0.366126
1.87 1.36748 0.365636
1.875 1.36931 0.365148
1.88 1.37113 0.364662
1.885 1.37295 0.364179
1.89 1.37477 0.363696
1.895 1.37659 0.363216
1.9 1.3784 0.362738
1.905 1.38022 0.362262
1.91 1.38203 0.361787
1.915 1.38384 0.361315
1.92 1.38564 0.360844
1.925 1.38744 0.360375
1.93 1.38924 0.359908
1.935 1.39104 0.359443
1.94 1.39284 0.358979
1.945 1.39463 0.358517
1.95 1.39642 0.358057
1.955 1.39821 0.357599
1.96 1.4 0.357143
1.965 1.40178 0.356688
1.97 1.40357 0.356235
1.975 1.40535 0.355784
1.98 1.40712 0.355335
1.985 1.4089 0.354887
1.99 1.41067 0.354441
1.995 1.41244 0.353996
2 1.41421 0.353553
2.005 1.41598 0.353112
2.01 1.41774 0.352673
2.015 1.41951 0.352235
2.02 1.42127 0.351799
2.025 1.42302 0.351364
2.03 1.42478 0.350931
2.035 1.42653 0.3505
2.04 1.42829 0.35007
2.045 1.43003 0.349642
2.05 1.43178 0.349215
2.055 1.43353 0.34879
2.06 1.43527 0.348367
2.065 1.43701 0.347944
2.07 1.43875 0.347524
2.075 1.44049 0.347105
2.08 1.44222 0.346688
2.085 1.44395 0.346272
2.09 1.44568 0.345857
2.095 1.44741 0.345444
2.1 1.44914 0.345033
2.105 1.45086 0.344623
2.11 1.45258 0.344214
2.115 1.4543 0.343807
2.12 1.45602 0.343401
2.125 1.45774 0.342997
2.13 1.45945 0.342594
2.135 1.46116 0.342193
2.14 1.46287 0.341793
2.145 1.46458 0.341394
2.15 1.46629 0.340997
2.155 1.46799 0.340601
2.16 1.46969 0.340207
2.165 1.47139 0.339814
2.17 1.47309 0.339422
2.175 1.47479 0.339032
2.18 1.47648 0.338643
2.185 1.47817 0.338255
2.19 1.47986 0.337869
2.195 1.48155 0.337484
2.2 1.48324 0.3371
2.205 1.48492 0.336718
2.21 1.48661 0.336336
2.215 1.48829 0.335957
2.22 1.48997 0.335578
2.225 1.49164 0.335201
2.23 1.49332 0.334825
2.235 1.49499 0.33445
2.24 1.49666 0.334077
2.245 1.49833 0.333704
2.25 1.5 0.333333
2.255 1.50167 0.332964
2.26 1.50333 0.332595
2.265 1.50499 0.332228
2.27 1.50665 0.331862
2.275 1.50831 0.331497
2.28 1.50997 0.331133
2.285 1.51162 0.330771
2.29 1.51327 0.330409
2.295 1.51493 0.330049
2.3 1.51658 0.32969
2.305 1.51822 0.329332
2.31 1.51987 0.328976
2.315 1.52151 0.32862
2.32 1.52315 0.328266
2.325 1.5248 0.327913
2.33 1.52643 0.327561
2.335 1.52807 0.32721
2.34 1.52971 0.32686
2.345 1.53134 0.326512
2.35 1.53297 0.326164
2.355 1.5346 0.325818
2.36 1.53623 0.325472
2.365 1.53786 0.325128
2.37 1.53948 0.324785
2.375 1.5411 0.324443
2.38 1.54272 0.324102
2.385 1.54434 0.323762
2.39 1.54596 0.323423
2.395 1.54758 0.323085
2.4 1.54919 0.322749
2.405 1.55081 0.322413
2.41 1.55242 0.322078
2.415 1.55403 0.321745
2.42 1.55563 0.321412
2.425 1.55724 0.321081
2.43 1.55885 0.32075
2.435 1.56045 0.320421
2.44 1.56205 0.320092
2.445 1.56365 0.319765
2.45 1.56525 0.319438
2.455 1.56684 0.319113
2.46 1.56844 0.318788
2.465 1.57003 0.318465
2.47 1.57162 0.318142
2.475 1.57321 0.317821
2.48 1.5748 0.3175
2.485 1.57639 0.317181
2.49 1.57797 0.316862
2.495 1.57956 0.316544
2.5 1.58114 0.316228
2.505 1.58272 0.315912
2.51 1.5843 0.315597
2.515 1.58588 0.315283
2.52 1.58745 0.31497
2.525 1.58902 0.314658
2.53 1.5906 0.314347
2.535 1.59217 0.314037
2.54 1.59374 0.313728
2.545 1.59531 0.31342
2.55 1.59687 0.313112
2.555 1.59844 0.312806
2.56 1.6 0.3125
2.565 1.60156 0.312195
2.57 1.60312 0.311891
2.575 1.60468 0.311588
2.58 1.60624 0.311286
2.585 1.60779 0.310985
2.59 1.60935 0.310685
2.595 1.6109 0.310385
2.6 1.61245 0.310087
2.605 1.614 0.309789
2.61 1.61555 0.309492
2.615 1.6171 0.309196
2.62 1.61864 0.308901
2.625 1.62019 0.308607
2.63 1.62173 0.308313
2.635 1.62327 0.308021
2.64 1.62481 0.307729
2.645 1.62635 0.307438
2.65 1.62788 0.307148
2.655 1.62942 0.306858
2.66 1.63095 0.30657
2.665 1.63248 0.306282
2.67 1.63401 0.305995
2.675 1.63554 0.305709
2.68 1.63707 0.305424
2.685 1.6386 0.305139
2.69 1.64012 0.304855
2.695 1.64165 0.304572
2.7 1.64317 0.30429
2.705 1.64469 0.304009
2.71 1.64621 0.303728
2.715 1.64773 0.303449
2.72 1.64924 0.30317
2.725 1.65076 0.302891
2.73 1.65227 0.302614
2.735 1.65378 0.302337
2.74 1.65529 0.302061
2.745 1.6568 0.301786
2.75 1.65831 0.301511
2.755 1.65982 0.301238
2.76 1.66132 0.300965
2.765 1.66283 0.300692
2.77 1.66433 0.300421
2.775 1.66583 0.30015
2.78 1.66733 0.29988
2.785 1.66883 0.299611
2.79 1.67033 0.299342
2.795 1.67183 0.299074
2.8 1.67332 0.298807
2.805 1.67481 0.298541
2.81 1.67631 0.298275
2.815 1.6778 0.29801
2.82 1.67929 0.297746
2.825 1.68077 0.297482
2.83 1.68226 0.297219
2.835 1.68375 0.296957
2.84 1.68523 0.296695
2.845 1.68671 0.296435
2.85 1.68819 0.296174
2.855 1.68967 0.295915
2.86 1.69115 0.295656
2.865 1.69263 0.295398
2.87 1.69411 0.295141
2.875 1.69558 0.294884
2.88 1.69706 0.294628
2.885 1.69853 0.294372
2.89 1.7 0.294118
2.895 1.70147 0.293864
2.9 1.70294 0.29361
2.905 1.70441 0.293357
2.91 1.70587 0.293105
2.915 1.70734 0.292854
2.92 1.7088 0.292603
2.925 1.71026 0.292353
2.93 1.71172 0.292103
2.935 1.71318 0.291854
2.94 1.71464 0.291606
2.945 1.7161 0.291358
2.95 1.71756 0.291111
2.955 1.71901 0.290865
2.96 1.72047 0.290619
2.965 1.72192 0.290374
2.97 1.72337 0.290129
2.975 1.72482 0.289886
2.98 1.72627 0.289642
2.985 1.72772 0.2894
2.99 1.72916 0.289157
2.995 1.73061 0.288916
3 1.73205 0.288675
3.005 1.73349 0.288435
3.01 1.73494 0.288195
3.015 1.73638 0.287956
3.02 1.73781 0.287718
3.025 1.73925 0.28748
3.03 1.74069 0.287242
3.035 1.74213 0.287006
3.04 1.74356 0.28677
3.045 1.74499 0.286534
3.05 1.74642 0.286299
3.055 1.74786 0.286065
3.06 1.74929 0.285831
3.065 1.75071 0.285598
3.07 1.75214 0.285365
3.075 1.75357 0.285133
3.08 1.75499 0.284901
3.085 1.75642 0.28467
3.09 1.75784 0.28444
3.095 1.75926 0.28421
3.1 1.76068 0.283981
3.105 1.7621 0.283752
3.11 1.76352 0.283524
3.115 1.76494 0.283296
3.12 1.76635 0.283069
3.125 1.76777 0.282843
3.13 1.76918 0.282617
3.135 1.77059 0.282391
3.14 1.772 0.282166
3.145 1.77341 0.281942
3.15 1.77482 0.281718
3.155 1.77623 0.281495
3.16 1.77764 0.281272
3.165 1.77904 0.28105
3.17 1.78045 0.280828
3.175 1.78185 0.280607
3.18 1.78326 0.280386
3.185 1.78466 0.280166
3.19 1.78606 0.279946
3.195 1.78746 0.279727
3.2 1.78885 0.279508
3.205 1.79025 0.27929
3.21 1.79165 0.279073
3.215 1.79304 0.278856
3.22 1.79444 0.278639
3.225 1.79583 0.278423
3.23 1.79722 0.278207
3.235 1.79861 0.277992
3.24 1.8 0.277778
3.245 1.80139 0.277564
3.25 1.80278 0.27735
3.255 1.80416 0.277137
3.26 1.80555 0.276924
3.265 1.80693 0.276712
3.27 1.80831 0.276501
3.275 1.8097 0.276289
3.28 1.81108 0.276079
3.285 1.81246 0.275869
3.29 1.81384 0.275659
3.295 1.81521 0.27545
3.3 1.81659 0.275241
3.305 1.81797 0.275033
3.31 1.81934 0.274825
3.315 1.82071 0.274618
3.32 1.82209 0.274411
3.325 1.82346 0.274204
3.33 1.82483 0.273998
3.335 1.8262 0.273793
3.34 1.82757 0.273588
3.345 1.82893 0.273383
3.35 1.8303 0.273179
3.355 1.83167 0.272976
3.36 1.83303 0.272772
3.365 1.83439 0.27257
3.37 1.83576 0.272367
3.375 1.83712 0.272166
3.38 1.83848 0.271964
3.385 1.83984 0.271763
3.39 1.8412 0.271563
3.395 1.84255 0.271363
3.4 1.84391 0.271163
3.405 1.84526 0.270964
3.41 1.84662 0.270765
3.415 1.84797 0.270567
3.42 1.84932 0.270369
3.425 1.85068 0.270172
3.43 1.85203 0.269975
3.435 1.85338 0.269778
3.44 1.85472 0.269582
3.445 1.85607 0.269386
3.45 1.85742 0.269191
3.455 1.85876 0.268996
3.46 1.86011 0.268802
3.465 1.86145 0.268608
3.47 1.86279 0.268414
3.475 1.86414 0.268221
3.48 1.86548 0.268028
3.485 1.86682 0.267836
3.49 1.86815 0.267644
3.495 1.86949 0.267452
3.5 1.87083 0.267261
3.505 1.87216 0.267071
3.51 1.8735 0.26688
3.515 1.87483 0.26669
3.52 1.87617 0.266501
3.525 1.8775 0.266312
3.53 1.87883 0.266123
3.535 1.88016 0.265935
3.54 1.88149 0.265747
3.545 1.88282 0.26556
3.55 1.88414 0.265372
3.555 1.88547 0.265186
3.56 1.8868 0.264999
3.565 1.88812 0.264814
3.57 1.88944 0.264628
3.575 1.89077 0.264443
3.58 1.89209 0.264258
3.585 1.89341 0.264074
3.59 1.89473 0.26389
3.595 1.89605 0.263706
3.6 1.89737 0.263523
3.605 1.89868 0.26334
3.61 1.9 0.263158
3.615 1.90132 0.262976
3.62 1.90263 0.262794
3.625 1.90394 0.262613
3.63 1.90526 0.262432
3.635 1.90657 0.262251
3.64 1.90788 0.262071
3.645 1.90919 0.261891
3.65 1.9105 0.261712
3.655 1.91181 0.261533
3.66 1.91311 0.261354
3.665 1.91442 0.261176
3.67 1.91572 0.260998
3.675 1.91703 0.26082
3.68 1.91833 0.260643
3.685 1.91964 0.260466
3.69 1.92094 0.26029
3.695 1.92224 0.260113
3.7 1.92354 0.259938
3.705 1.92484 0.259762
3.71 1.92614 0.259587
3.715 1.92743 0.259412
3.72 1.92873 0.259238
3.725 1.93003 0.259064
3.73 1.93132 0.25889
3.735 1.93261 0.258717
3.74 1.93391 0.258544
3.745 1.9352 0.258371
3.75 1.93649 0.258199
3.755 1.93778 0.258027
3.76 1.93907 0.257855
3.765 1.94036 0.257684
3.77 1.94165 0.257513
3.775 1.94294 0.257343
3.78 1.94422 0.257172
3.785 1.94551 0.257002
3.79 1.94679 0.256833
3.795 1.94808 0.256664
3.8 1.94936 0.256495
3.805 1.95064 0.256326
3.81 1.95192 0.256158
3.815 1.9532 0.25599
3.82 1.95448 0.255822
3.825 1.95576 0.255655
3.83 1.95704 0.255488
3.835 1.95832 0.255321
3.84 1.95959 0.255155
3.845 1.96087 0.254989
3.85 1.96214 0.254824
3.855 1.96342 0.254658
3.86 1.96469 0.254493
3.865 1.96596 0.254329
3.87 1.96723 0.254164
3.875 1.9685 0.254
3.88 1.96977 0.253837
3.885 1.97104 0.253673
3.89 1.97231 0.25351
3.895 1.97358 0.253347
3.9 1.97484 0.253185
3.905 1.97611 0.253023
3.91 1.97737 0.252861
3.915 1.97864 0.252699
3.92 1.9799 0.252538
3.925 1.98116 0.252377
3.93 1.98242 0.252217
3.935 1.98368 0.252056
3.94 1.98494 0.251896
3.945 1.9862 0.251737
3.95 1.98746 0.251577
3.955 1.98872 0.251418
3.96 1.98997 0.251259
3.965 1.99123 0.251101
3.97 1.99249 0.250943
3.975 1.99374 0.250785
3.98 1.99499 0.250627
3.985 1.99625 0.25047
3.99 1.9975 0.250313
3.995 1.99875 0.250156
4 2 0.25
4.005 2.00125 0.249844
4.01 2.0025 0.249688
4.015 2.00375 0.249533
4.02 2.00499 0.249377
4.025 2.00624 0.249222
4.03 2.00749 0.249068
4.035 2.00873 0.248913
4.04 2.00998 0.248759
4.045 2.01122 0.248606
4.05 2.01246 0.248452
4.055 2.0137 0.248299
4.06 2.01494 0.248146
4.065 2.01618 0.247993
4.07 2.01742 0.247841
4.075 2.01866 0.247689
4.08 2.0199 0.247537
4.085 2.02114 0.247385
4.09 2.02237 0.247234
4.095 2.02361 0.247083
4.1 2.02485 0.246932
4.105 2.02608 0.246782
4.11 2.02731 0.246632
4.115 2.02855 0.246482
4.12 2.02978 0.246332
4.125 2.03101 0.246183
4.13 2.03224 0.246034
4.135 2.03347 0.245885
4.14 2.0347 0.245737
4.145 2.03593 0.245588
4.15 2.03715 0.24544
4.155 2.03838 0.245293
4.16 2.03961 0.245145
4.165 2.04083 0.244998
4.17 2.04206 0.244851
4.175 2.04328 0.244704
4.18 2.0445 0.244558
4.185 2.04573 0.244412
4.19 2.04695 0.244266
4.195 2.04817 0.24412
4.2 2.04939 0.243975
4.205 2.05061 0.24383
4.21 2.05183 0.243685
4.215 2.05305 0.243541
4.22 2.05426 0.243396
4.225 2.05548 0.243252
4.23 2.0567 0.243108
4.235 2.05791 0.242965
4.24 2.05913 0.242821
4.245 2.06034 0.242678
4.25 2.06155 0.242536
4.255 2.06277 0.242393
4.26 2.06398 0.242251
4.265 2.06519 0.242109
4.27 2.0664 0.241967
4.275 2.06761 0.241825
4.28 2.06882 0.241684
4.285 2.07002 0.241543
4.29 2.07123 0.241402
4.295 2.07244 0.241262
4.3 2.07364 0.241121
4.305 2.07485 0.240981
4.31 2.07605 0.240842
4.315 2.07726 0.240702
4.32 2.07846 0.240563
4.325 2.07966 0.240424
4.33 2.08087 0.240285
4.335 2.08207 0.240146
4.34 2.08327 0.240008
4.345 2.08447 0.23987
4.35 2.08567 0.239732
4.355 2.08686 0.239594
4.36 2.08806 0.239457
4.365 2.08926 0.239319
4.37 2.09045 0.239182
4.375 2.09165 0.239046
4.38 2.09284 0.238909
4.385 2.09404 0.238773
4.39 2.09523 0.238637
4.395 2.09643 0.238501
4.4 2.09762 0.238366
4.405 2.09881 0.23823
4.41 2.1 0.238095
4.415 2.10119 0.23796
4.42 2.10238 0.237826
4.425 2.10357 0.237691
4.43 2.10476 0.237557
4.435 2.10594 0.237423
4.44 2.10713 0.237289
4.445 2.10832 0.237156
4.45 2.1095 0.237023
4.455 2.11069 0.23689
4.46 2.11187 0.236757
4.465 2.11305 0.236624
4.47 2.11424 0.236492
4.475 2.11542 0.23636
4.48 2.1166 0.236228
4.485 2.11778 0.236096
4.49 2.11896 0.235965
4.495 2.12014 0.235833
4.5 2.12132 0.235702
4.505 2.1225 0.235571
4.51 2.12368 0.235441
4.515 2.12485 0.23531
4.52 2.12603 0.23518
4.525 2.1272 0.23505
4.53 2.12838 0.23492
4.535 2.12955 0.234791
4.54 2.13073 0.234662
4.545 2.1319 0.234533
4.55 2.13307 0.234404
4.555 2.13424 0.234275
4.56 2.13542 0.234146
4.565 2.13659 0.234018
4.57 2.13776 0.23389
4.575 2.13892 0.233762
4.58 2.14009 0.233635
4.585 2.14126 0.233507
4.59 2.14243 0.23338
4.595 2.1436 0.233253
4.6 2.14476 0.233126
4.605 2.14593 0.233
4.61 2.14709 0.232873
4.615 2.14826 0.232747
4.62 2.14942 0.232621
4.625 2.15058 0.232495
4.63 2.15174 0.23237
4.635 2.15291 0.232244
4.64 2.15407 0.232119
4.645 2.15523 0.231994
4.65 2.15639 0.231869
4.655 2.15754 0.231745
4.66 2.1587 0.231621
4.665 2.15986 0.231496
4.67 2.16102 0.231372
4.675 2.16217 0.231249
4.68 2.16333 0.231125
4.685 2.16449 0.231002
4.69 2.16564 0.230879
4.695 2.16679 0.230756
4.7 2.16795 0.230633
4.705 2.1691 0.23051
4.71 2.17025 0.230388
4.715 2.17141 0.230266
4.72 2.17256 0.230144
4.725 2.17371 0.230022
4.73 2.17486 0.2299
4.735 2.17601 0.229779
4.74 2.17715 0.229658
4.745 2.1783 0.229537
4.75 2.17945 0.229416
4.755 2.1806 0.229295
4.76 2.18174 0.229175
4.765 2.18289 0.229054
4.77 2.18403 0.228934
4.775 2.18518 0.228814
4.78 2.18632 0.228695
4.785 2.18746 0.228575
4.79 2.18861 0.228456
4.795 2.18975 0.228337
4.8 2.19089 0.228218
4.805 2.19203 0.228099
4.81 2.19317 0.22798
4.815 2.19431 0.227862
4.82 2.19545 0.227744
4.825 2.19659 0.227626
4.83 2.19773 0.227508
4.835 2.19886 0.22739
4.84 2.2 0.227273
4.845 2.20114 0.227155
4.85 2.20227 0.227038
4.855 2.20341 0.226921
4.86 2.20454 0.226805
4.865 2.20567 0.226688
4.87 2.20681 0.226572
4.875 2.20794 0.226455
4.88 2.20907 0.226339
4.885 2.2102 0.226224
4.89 2.21133 0.226108
4.895 2.21246 0.225992
4.9 2.21359 0.225877
4.905 2.21472 0.225762
4.91 2.21585 0.225647
4.915 2.21698 0.225532
4.92 2.21811 0.225417
4.925 2.21923 0.225303
4.93 2.22036 0.225189
4.935 2.22149 0.225075
4.94 2.22261 0.224961
4.945 2.22374 0.224847
4.95 2.22486 0.224733
4.955 2.22598 0.22462
4.96 2.22711 0.224507
4.965 2.22823 0.224394
4.97 2.22935 0.224281
4.975 2.23047 0.224168
4.98 2.23159 0.224055
4.985 2.23271 0.223943
4.99 2.23383 0.223831
4.995 2.23495 0.223719
5 2.23607 0.223607
5.005 2.23719 0.223495
5.01 2.2383 0.223384
5.015 2.23942 0.223272
5.02 2.24054 0.223161
5.025 2.24165 0.22305
5.03 2.24277 0.222939
5.035 2.24388 0.222828
5.04 2.24499 0.222718
5.045 2.24611 0.222607
5.05 2.24722 0.222497
5.055 2.24833 0.222387
5.06 2.24944 0.222277
5.065 2.25056 0.222167
5.07 2.25167 0.222058
5.075 2.25278 0.221948
5.08 2.25389 0.221839
5.085 2.25499 0.22173
5.09 2.2561 0.221621
5.095 2.25721 0.221512
5.1 2.25832 0.221404
5.105 2.25942 0.221295
5.11 2.26053 0.221187
5.115 2.26164 0.221079
5.12 2.26274 0.220971
5.125 2.26385 0.220863
5.13 2.26495 0.220755
5.135 2.26605 0.220648
5.14 2.26716 0.220541
5.145 2.26826 0.220433
5.15 2.26936 0.220326
5.155 2.27046 0.220219
5.16 2.27156 0.220113
5.165 2.27266 0.220006
5.17 2.27376 0.2199
5.175 2.27486 0.219793
5.18 2.27596 0.219687
5.185 2.27706 0.219581
5.19 2.27816 0.219476
5.195 2.27925 0.21937
5.2 2.28035 0.219265
5.205 2.28145 0.219159
5.21 2.28254 0.219054
5.215 2.28364 0.218949
5.22 2.28473 0.218844
5.225 2.28583 0.218739
5.23 2.28692 0.218635
5.235 2.28801 0.21853
5.24 2.2891 0.218426
5.245 2.2902 0.218322
5.25 2.29129 0.218218
5.255 2.29238 0.218114
5.26 2.29347 0.21801
5.265 2.29456 0.217907
5.27 2.29565 0.217803
5.275 2.29674 0.2177
5.28 2.29783 0.217597
5.285 2.29891 0.217494
5.29 2.3 0.217391
5.295 2.30109 0.217289
5.3 2.30217 0.217186
5.305 2.30326 0.217084
5.31 2.30434 0.216982
5.315 2.30543 0.216879
5.32 2.30651 0.216777
5.325 2.3076 0.216676
5.33 2.30868 0.216574
5.335 2.30976 0.216473
5.34 2.31084 0.216371
5.345 2.31193 0.21627
5.35 2.31301 0.216169
5.355 2.31409 0.216068
5.36 2.31517 0.215967
5.365 2.31625 0.215866
5.37 2.31733 0.215766
5.375 2.3184 0.215666
5.38 2.31948 0.215565
5.385 2.32056 0.215465
5.39 2.32164 0.215365
5.395 2.32271 0.215265
5.4 2.32379 0.215166
5.405 2.32487 0.215066
5.41 2.32594 0.214967
5.415 2.32702 0.214868
5.42 2.32809 0.214768
5.425 2.32916 0.214669
5.43 2.33024 0.214571
5.435 2.33131 0.214472
5.44 2.33238 0.214373
5.445 2.33345 0.214275
5.45 2.33452 0.214176
5.455 2.33559 0.214078
5.46 2.33666 0.21398
5.465 2.33773 0.213882
5.47 2.3388 0.213785
5.475 2.33987 0.213687
5.48 2.34094 0.213589
5.485 2.34201 0.213492
5.49 2.34307 0.213395
5.495 2.34414 0.213298
5.5 2.34521 0.213201
5.505 2.34627 0.213104
5.51 2.34734 0.213007
5.515 2.3484 0.212911
5.52 2.34947 0.212814
5.525 2.35053 0.212718
5.53 2.3516 0.212622
5.535 2.35266 0.212526
5.54 2.35372 0.21243
5.545 2.35478 0.212334
5.55 2.35584 0.212238
5.555 2.3569 0.212143
5.56 2.35797 0.212047
5.565 2.35903 0.211952
5.57 2.36008 0.211857
5.575 2.36114 0.211762
5.58 2.3622 0.211667
5.585 2.36326 0.211572
5.59 2.36432 0.211477
5.595 2.36538 0.211383
5.6 2.36643 0.211289
5.605 2.36749 0.211194
5.61 2.36854 0.2111
5.615 2.3696 0.211006
5.62 2.37065 0.210912
5.625 2.37171 0.210819
5.63 2.37276 0.210725
5.635 2.37382 0.210631
5.64 2.37487 0.210538
5.645 2.37592 0.210445
5.65 2.37697 0.210352
5.655 2.37802 0.210259
5.66 2.37908 0.210166
5.665 2.38013 0.210073
5.67 2.38118 0.20998
5.675 2.38223 0.209888
5.68 2.38328 0.209795
5.685 2.38432 0.209703
5.69 2.38537 0.209611
5.695 2.38642 0.209519
5.7 2.38747 0.209427
5.705 2.38851 0.209335
5.71 2.38956 0.209243
5.715 2.39061 0.209152
5.72 2.39165 0.209061
5.725 2.3927 0.208969
5.73 2.39374 0.208878
5.735 2.39479 0.208787
5.74 2.39583 0.208696
5.745 2.39687 0.208605
5.75 2.39792 0.208514
5.755 2.39896 0.208424
5.76 2.4 0.208333
5.765 2.40104 0.208243
5.77 2.40208 0.208153
5.775 2.40312 0.208063
5.78 2.40416 0.207973
5.785 2.4052 0.207883
5.79 2.40624 0.207793
5.795 2.40728 0.207703
5.8 2.40832 0.207614
5.805 2.40936 0.207524
5.81 2.41039 0.207435
5.815 2.41143 0.207346
5.82 2.41247 0.207257
5.825 2.4135 0.207168
5.83 2.41454 0.207079
5.835 2.41557 0.20699
5.84 2.41661 0.206901
5.845 2.41764 0.206813
5.85 2.41868 0.206725
5.855 2.41971 0.206636
5.86 2.42074 0.206548
5.865 2.42178 0.20646
5.87 2.42281 0.206372
5.875 2.42384 0.206284
5.88 2.42487 0.206197
5.885 2.4259 0.206109
5.89 2.42693 0.206021
5.895 2.42796 0.205934
5.9 2.42899 0.205847
5.905 2.43002 0.20576
5.91 2.43105 0.205673
5.915 2.43208 0.205586
5.92 2.43311 0.205499
5.925 2.43413 0.205412
5.93 2.43516 0.205325
5.935 2.43619 0.205239
5.94 2.43721 0.205152
5.945 2.43824 0.205066
5.95 2.43926 0.20498
5.955 2.44029 0.204894
5.96 2.44131 0.204808
5.965 2.44233 0.204722
5.97 2.44336 0.204636
5.975 2.44438 0.204551
5.98 2.4454 0.204465
5.985 2.44643 0.20438
5.99 2.44745 0.204294
5.995 2.44847 0.204209
6 2.44949 0.204124
6.005 2.45051 0.204039
6.01 2.45153 0.203954
6.015 2.45255 0.203869
6.02 2.45357 0.203785
6.025 2.45459 0.2037
6.03 2.45561 0.203616
6.035 2.45662 0.203531
6.04 2.45764 0.203447
6.045 2.45866 0.203363
6.05 2.45967 0.203279
6.055 2.46069 0.203195
6.06 2.46171 0.203111
6.065 2.46272 0.203027
6.07 2.46374 0.202944
6.075 2.46475 0.20286
6.08 2.46577 0.202777
6.085 2.46678 0.202693
6.09 2.46779 0.20261
6.095 2.46881 0.202527
6.1 2.46982 0.202444
6.105 2.47083 0.202361
6.11 2.47184 0.202278
6.115 2.47285 0.202196
6.12 2.47386 0.202113
6.125 2.47487 0.202031
6.13 2.47588 0.201948
6.135 2.47689 0.201866
6.14 2.4779 0.201784
6.145 2.47891 0.201701
6.15 2.47992 0.201619
6.155 2.48093 0.201538
6.16 2.48193 0.201456
6.165 2.48294 0.201374
6.17 2.48395 0.201292
6.175 2.48495 0.201211
6.18 2.48596 0.201129
6.185 2.48697 0.201048
6.19 2.48797 0.200967
6.195 2.48898 0.200886
6.2 2.48998 0.200805
6.205 2.49098 0.200724
6.21 2.49199 0.200643
6.215 2.49299 0.200562
6.22 2.49399 0.200482
6.225 2.49499 0.200401
6.23 2.496 0.200321
6.235 2.497 0.20024
6.24 2.498 0.20016
6.245 2.499 0.20008
6.25 2.5 0.2
6.255 2.501 0.19992
6.26 2.502 0.19984
6.265 2.503 0.19976
6.27 2.504 0.199681
6.275 2.505 0.199601
6.28 2.50599 0.199522
6.285 2.50699 0.199442
6.29 2.50799 0.199363
6.295 2.50898 0.199284
6.3 2.50998 0.199205
6.305 2.51098 0.199126
6.31 2.51197 0.199047
6.315 2.51297 0.198968
6.32 2.51396 0.198889
6.325 2.51496 0.198811
6.33 2.51595 0.198732
6.335 2.51694 0.198654
6.34 2.51794 0.198575
6.345 2.51893 0.198497
6.35 2.51992 0.198419
6.355 2.52091 0.198341
6.36 2.5219 0.198263
6.365 2.5229 0.198185
6.37 2.52389 0.198107
6.375 2.52488 0.19803
6.38 2.52587 0.197952
6.385 2.52686 0.197874
6.39 2.52784 0.197797
6.395 2.52883 0.19772
6.4 2.52982 0.197642
6.405 2.53081 0.197565
6.41 2.5318 0.197488
6.415 2.53279 0.197411
6.42 2.53377 0.197334
6.425 2.53476 0.197257
6.43 2.53574 0.197181
6.435 2.53673 0.197104
6.44 2.53772 0.197028
6.445 2.5387 0.196951
6.45 2.53969 0.196875
6.455 2.54067 0.196799
6.46 2.54165 0.196722
6.465 2.54264 0.196646
6.47 2.54362 0.19657
6.475 2.5446 0.196494
6.48 2.54558 0.196419
6.485 2.54657 0.196343
6.49 2.54755 0.196267
6.495 2.54853 0.196192
6.5 2.54951 0.196116
6.505 2.55049 0.196041
6.51 2.55147 0.195965
6.515 2.55245 0.19589
6.52 2.55343 0.195815
6.525 2.55441 0.19574
6.53 2.55539 0.195665
6.535 2.55636 0.19559
6.54 2.55734 0.195515
6.545 2.55832 0.195441
6.55 2.5593 0.195366
6.555 2.56027 0.195292
6.56 2.56125 0.195217
6.565 2.56223 0.195143
6.57 2.5632 0.195069
6.575 2.56418 0.194994
6.58 2.56515 0.19492
6.585 2.56613 0.194846
6.59 2.5671 0.194772
6.595 2.56807 0.194698
6.6 2.56905 0.194625
6.605 2.57002 0.194551
6.61 2.57099 0.194477
6.615 2.57196 0.194404
6.62 2.57294 0.194331
6.625 2.57391 0.194257
6.63 2.57488 0.194184
6.635 2.57585 0.194111
6.64 2.57682 0.194038
6.645 2.57779 0.193965
6.65 2.57876 0.193892
6.655 2.57973 0.193819
6.66 2.5807 0.193746
6.665 2.58167 0.193673
6.67 2.58263 0.193601
6.675 2.5836 0.193528
6.68 2.58457 0.193456
6.685 2.58554 0.193383
6.69 2.5865 0.193311
6.695 2.58747 0.193239
6.7 2.58844 0.193167
6.705 2.5894 0.193095
6.71 2.59037 0.193023
6.715 2.59133 0.192951
6.72 2.5923 0.192879
6.725 2.59326 0.192807
6.73 2.59422 0.192736
6.735 2.59519 0.192664
6.74 2.59615 0.192593
6.745 2.59711 0.192521
6.75 2.59808 0.19245
6.755 2.59904 0.192379
6.76 2.6 0.192308
6.765 2.60096 0.192237
6.77 2.60192 0.192166
6.775 2.60288 0.192095
6.78 2.60384 0.192024
6.785 2.6048 0.191953
6.79 2.60576 0.191882
6.795 2.60672 0.191812
6.8 2.60768 0.191741
6.805 2.60864 0.191671
6.81 2.6096 0.1916
6.815 2.61056 0.19153
6.82 2.61151 0.19146
6.825 2.61247 0.19139
6.83 2.61343 0.19132
6.835 2.61438 0.19125
6.84 2.61534 0.19118
6.845 2.6163 0.19111
6.85 2.61725 0.19104
6.855 2.61821 0.19097
6.86 2.61916 0.190901
6.865 2.62011 0.190831
6.87 2.62107 0.190762
6.875 2.62202 0.190693
6.88 2.62298 0.190623
6.885 2.62393 0.190554
6.89 2.62488 0.190485
6.895 2.62583 0.190416
6.9 2.62679 0.190347
6.905 2.62774 0.190278
6.91 2.62869 0.190209
6.915 2.62964 0.19014
6.92 2.63059 0.190071
6.925 2.63154 0.190003
6.93 2.63249 0.189934
6.935 2.63344 0.189866
6.94 2.63439 0.189797
6.945 2.63534 0.189729
6.95 2.63629 0.189661
6.955 2.63723 0.189593
6.96 2.63818 0.189525
6.965 2.63913 0.189456
6.97 2.64008 0.189389
6.975 2.64102 0.189321
6.98 2.64197 0.189253
6.985 2.64292 0.189185
6.99 2.64386 0.189117
6.995 2.64481 0.18905
7 2.64575 0.188982
7.005 2.6467 0.188915
7.01 2.64764 0.188847
7.015 2.64858 0.18878
7.02 2.64953 0.188713
7.025 2.65047 0.188646
7.03 2.65141 0.188579
7.035 2.65236 0.188512
7.04 2.6533 0.188445
7.045 2.65424 0.188378
7.05 2.65518 0.188311
7.055 2.65612 0.188244
7.06 2.65707 0.188177
7.065 2.65801 0.188111
7.07 2.65895 0.188044
7.075 2.65989 0.187978
7.08 2.66083 0.187912
7.085 2.66177 0.187845
7.09 2.66271 0.187779
7.095 2.66364 0.187713
7.1 2.66458 0.187647
7.105 2.66552 0.187581
7.11 2.66646 0.187515
7.115 2.6674 0.187449
7.12 2.66833 0.187383
7.125 2.66927 0.187317
7.13 2.67021 0.187251
7.135 2.67114 0.187186
7.14 2.67208 0.18712
7.145 2.67301 0.187055
7.15 2.67395 0.186989
7.155 2.67488 0.186924
7.16 2.67582 0.186859
7.165 2.67675 0.186794
7.17 2.67769 0.186728
7.175 2.67862 0.186663
7.18 2.67955 0.186598
7.185 2.68049 0.186533
7.19 2.68142 0.186469
7.195 2.68235 0.186404
7.2 2.68328 0.186339
7.205 2.68421 0.186274
7.21 2.68514 0.18621
7.215 2.68608 0.186145
7.22 2.68701 0.186081
7.225 2.68794 0.186016
7.23 2.68887 0.185952
7.235 2.6898 0.185888
7.24 2.69072 0.185824
7.245 2.69165 0.185759
7.25 2.69258 0.185695
7.255 2.69351 0.185631
7.26 2.69444 0.185567
7.265 2.69537 0.185504
7.27 2.69629 0.18544
7.275 2.69722 0.185376
7.28 2.69815 0.185312
7.285 2.69907 0.185249
7.29 2.7 0.185185
7.295 2.70093 0.185122
7.3 2.70185 0.185058
7.305 2.70278 0.184995
7.31 2.7037 0.184932
7.315 2.70463 0.184868
7.32 2.70555 0.184805
7.325 2.70647 0.184742
7.33 2.7074 0.184679
7.335 2.70832 0.184616
7.34 2.70924 0.184553
7.345 2.71017 0.184491
7.35 2.71109 0.184428
7.355 2.71201 0.184365
7.36 2.71293 0.184302
7.365 2.71385 0.18424
7.37 2.71477 0.184177
7.375 2.7157 0.184115
7.38 2.71662 0.184053
7.385 2.71754 0.18399
7.39 2.71846 0.183928
7.395 2.71937 0.183866
7.4 2.72029 0.183804
7.405 2.72121 0.183742
7.41 2.72213 0.18368
7.415 2.72305 0.183618
7.42 2.72397 0.183556
7.425 2.72489 0.183494
7.43 2.7258 0.183432
7.435 2.72672 0.183371
7.44 2.72764 0.183309
7.445 2.72855 0.183247
7.45 2.72947 0.183186
7.455 2.73038 0.183124
7.46 2.7313 0.183063
7.465 2.73222 0.183002
7.47 2.73313 0.18294
7.475 2.73404 0.182879
7.48 2.73496 0.182818
7.485 2.73587 0.182757
7.49 2.73679 0.182696
7.495 2.7377 0.182635
7.5 2.73861 0.182574
7.505 2.73953 0.182513
7.51 2.74044 0.182453
7.515 2.74135 0.182392
7.52 2.74226 0.182331
7.525 2.74317 0.182271
7.53 2.74408 0.18221
7.535 2.745 0.18215
7.54 2.74591 0.182089
7.545 2.74682 0.182029
7.55 2.74773 0.181969
7.555 2.74864 0.181908
7.56 2.74955 0.181848
7.565 2.75045 0.181788
7.57 2.75136 0.181728
7.575 2.75227 0.181668
7.58 2.75318 0.181608
7.585 2.75409 0.181548
7.59 2.755 0.181489
7.595 2.7559 0.181429
7.6 2.75681 0.181369
7.605 2.75772 0.181309
7.61 2.75862 0.18125
7.615 2.75953 0.18119
7.62 2.76043 0.181131
7.625 2.76134 0.181071
7.63 2.76225 0.181012
7.635 2.76315 0.180953
7.64 2.76405 0.180894
7.645 2.76496 0.180834
7.65 2.76586 0.180775
7.655 2.76677 0.180716
7.66 2.76767 0.180657
7.665 2.76857 0.180598
7.67 2.76948 0.18054
7.675 2.77038 0.180481
7.68 2.77128 0.180422
7.685 2.77218 0.180363
7.69 2.77308 0.180305
7.695 2.77399 0.180246
7.7 2.77489 0.180187
7.705 2.77579 0.180129
7.71 2.77669 0.180071
7.715 2.77759 0.180012
7.72 2.77849 0.179954
7.725 2.77939 0.179896
7.73 2.78029 0.179838
7.735 2.78119 0.179779
7.74 2.78209 0.179721
7.745 2.78298 0.179663
7.75 2.78388 0.179605
7.755 2.78478 0.179547
7.76 2.78568 0.17949
7.765 2.78657 0.179432
7.77 2.78747 0.179374
7.775 2.78837 0.179316
7.78 2.78927 0.179259
7.785 2.79016 0.179201
7.79 2.79106 0.179144
7.795 2.79195 0.179086
7.8 2.79285 0.179029
7.805 2.79374 0.178971
7.81 2.79464 0.178914
7.815 2.79553 0.178857
7.82 2.79643 0.1788
7.825 2.79732 0.178743
7.83 2.79821 0.178685
7.835 2.79911 0.178628
7.84 2.8 0.178571
7.845 2.80089 0.178515
7.85 2.80179 0.178458
7.855 2.80268 0.178401
7.86 2.80357 0.178344
7.865 2.80446 0.178287
7.87 2.80535 0.178231
7.875 2.80624 0.178174
7.88 2.80713 0.178118
7.885 2.80802 0.178061
7.89 2.80891 0.178005
7.895 2.8098 0.177948
7.9 2.81069 0.177892
7.905 2.81158 0.177836
7.91 2.81247 0.17778
7.915 2.81336 0.177723
7.92 2.81425 0.177667
7.925 2.81514 0.177611
7.93 2.81603 0.177555
7.935 2.81691 0.177499
7.94 2.8178 0.177443
7.945 2.81869 0.177388
7.95 2.81957 0.177332
7.955 2.82046 0.177276
7.96 2.82135 0.17722
7.965 2.82223 0.177165
7.97 2.82312 0.177109
7.975 2.824 0.177054
7.98 2.82489 0.176998
7.985 2.82577 0.176943
7.99 2.82666 0.176887
7.995 2.82754 0.176832
8 2.82843 0.176777
8.005 2.82931 0.176721
8.01 2.83019 0.176666
8.015 2.83108 0.176611
8.02 2.83196 0.176556
8.025 2.83284 0.176501
8.03 2.83373 0.176446
8.035 2.83461 0.176391
8.04 2.83549 0.176336
8.045 2.83637 0.176282
8.05 2.83725 0.176227
8.055 2.83813 0.176172
8.06 2.83901 0.176117
8.065 2.83989 0.176063
8.07 2.84077 0.176008
8.075 2.84165 0.175954
8.08 2.84253 0.175899
8.085 2.84341 0.175845
8.09 2.84429 0.175791
8.095 2.84517 0.175736
8.1 2.84605 0.175682
8.105 2.84693 0.175628
8.11 2.84781 0.175574
8.115 2.84868 0.17552
8.12 2.84956 0.175466
8.125 2.85044 0.175412
8.13 2.85132 0.175358
8.135 2.85219 0.175304
8.14 2.85307 0.17525
8.145 2.85394 0.175196
8.15 2.85482 0.175142
8.155 2.8557 0.175089
8.16 2.85657 0.175035
8.165 2.85745 0.174981
8.17 2.85832 0.174928
8.175 2.8592 0.174874
8.18 2.86007 0.174821
8.185 2.86094 0.174767
8.19 2.86182 0.174714
8.195 2.86269 0.174661
8.2 2.86356 0.174608
8.205 2.86444 0.174554
8.21 2.86531 0.174501
8.215 2.86618 0.174448
8.22 2.86705 0.174395
8.225 2.86793 0.174342
8.23 2.8688 0.174289
8.235 2.86967 0.174236
8.24 2.87054 0.174183
8.245 2.87141 0.17413
8.25 2.87228 0.174078
8.255 2.87315 0.174025
8.26 2.87402 0.173972
8.265 2.87489 0.17392
8.27 2.87576 0.173867
8.275 2.87663 0.173814
8.28 2.8775 0.173762
8.285 2.87837 0.17371
8.29 2.87924 0.173657
8.295 2.8801 0.173605
8.3 2.88097 0.173553
8.305 2.88184 0.1735
8.31 2.88271 0.173448
8.315 2.88357 0.173396
8.32 2.88444 0.173344
8.325 2.88531 0.173292
8.33 2.88617 0.17324
8.335 2.88704 0.173188
8.34 2.88791 0.173136
8.345 2.88877 0.173084
8.35 2.88964 0.173032
8.355 2.8905 0.17298
8.36 2.89137 0.172929
8.365 2.89223 0.172877
8.37 2.8931 0.172825
8.375 2.89396 0.172774
8.38 2.89482 0.172722
8.385 2.89569 0.172671
8.39 2.89655 0.172619
8.395 2.89741 0.172568
8.4 2.89828 0.172516
8.405 2.89914 0.172465
8.41 2.9 0.172414
8.415 2.90086 0.172363
8.42 2.90172 0.172311
8.425 2.90259 0.17226
8.43 2.90345 0.172209
8.435 2.90431 0.172158
8.44 2.90517 0.172107
8.445 2.90603 0.172056
8.45 2.90689 0.172005
8.455 2.90775 0.171954
8.46 2.90861 0.171904
8.465 2.90947 0.171853
8.47 2.91033 0.171802
8.475 2.91119 0.171751
8.48 2.91204 0.171701
8.485 2.9129 0.17165
8.49 2.91376 0.1716
8.495 2.91462 0.171549
8.5 2.91548 0.171499
8.505 2.91633 0.171448
8.51 2.91719 0.171398
8.515 2.91805 0.171347
8.52 2.9189 0.171297
8.525 2.91976 0.171247
8.53 2.92062 0.171197
8.535 2.92147 0.171147
8.54 2.92233 0.171096
8.545 2.92318 0.171046
8.55 2.92404 0.170996
8.555 2.92489 0.170946
8.56 2.92575 0.170896
8.565 2.9266 0.170847
8.57 2.92746 0.170797
8.575 2.92831 0.170747
8.58 2.92916 0.170697
8.585 2.93002 0.170647
8.59 2.93087 0.170598
8.595 2.93172 0.170548
8.6 2.93258 0.170499
8.605 2.93343 0.170449
8.61 2.93428 0.1704
8.615 2.93513 0.17035
8.62 2.93598 0.170301
8.625 2.93684 0.170251
8.63 2.93769 0.170202
8.635 2.93854 0.170153
8.64 2.93939 0.170103
8.645 2.94024 0.170054
8.65 2.94109 0.170005
8.655 2.94194 0.169956
8.66 2.94279 0.169907
8.665 2.94364 0.169858
8.67 2.94449 0.169809
8.675 2.94534 0.16976
8.68 2.94618 0.169711
8.685 2.94703 0.169662
8.69 2.94788 0.169613
8.695 2.94873 0.169565
8.7 2.94958 0.169516
8.705 2.95042 0.169467
8.71 2.95127 0.169419
8.715 2.95212 0.16937
8.72 2.95296 0.169321
8.725 2.95381 0.169273
8.73 2.95466 0.169224
8.735 2.9555 0.169176
8.74 2.95635 0.169128
8.745 2.95719 0.169079
8.75 2.95804 0.169031
8.755 2.95888 0.168983
8.76 2.95973 0.168934
8.765 2.96057 0.168886
8.77 2.96142 0.168838
8.775 2.96226 0.16879
8.78 2.96311 0.168742
8.785 2.96395 0.168694
8.79 2.96479 0.168646
8.795 2.96564 0.168598
8.8 2.96648 0.16855
8.805 2.96732 0.168502
8.81 2.96816 0.168454
8.815 2.96901 0.168406
8.82 2.96985 0.168359
8.825 2.97069 0.168311
8.83 2.97153 0.168263
8.835 2.97237 0.168216
8.84 2.97321 0.168168
8.845 2.97405 0.168121
8.85 2.97489 0.168073
8.855 2.97574 0.168026
8.86 2.97658 0.167978
8.865 2.97741 0.167931
8.87 2.97825 0.167884
8.875 2.97909 0.167836
8.88 2.97993 0.167789
8.885 2.98077 0.167742
8.89 2.98161 0.167695
8.895 2.98245 0.167647
8.9 2.98329 0.1676
8.905 2.98412 0.167553
8.91 2.98496 0.167506
8.915 2.9858 0.167459
8.92 2.98664 0.167412
8.925 2.98747 0.167365
8.93 2.98831 0.167319
8.935 2.98915 0.167272
8.94 2.98998 0.167225
8.945 2.99082 0.167178
8.95 2.99166 0.167132
8.955 2.99249 0.167085
8.96 2.99333 0.167038
8.965 2.99416 0.166992
8.97 2.995 0.166945
8.975 2.99583 0.166899
8.98 2.99666 0.166852
8.985 2.9975 0.166806
8.99 2.99833 0.166759
8.995 2.99917 0.166713
9 3 0.166667
9.005 3.00083 0.16662
9.01 3.00167 0.166574
9.015 3.0025 0.166528
9.02 3.00333 0.166482
9.025 3.00416 0.166436
9.03 3.005 0.16639
9.035 3.00583 0.166344
9.04 3.00666 0.166298
9.045 3.00749 0.166252
9.05 3.00832 0.166206
9.055 3.00915 0.16616
9.06 3.00998 0.166114
9.065 3.01081 0.166068
9.07 3.01164 0.166022
9.075 3.01247 0.165977
9.08 3.0133 0.165931
9.085 3.01413 0.165885
9.09 3.01496 0.16584
9.095 3.01579 0.165794
9.1 3.01662 0.165748
9.105 3.01745 0.165703
9.11 3.01828 0.165657
9.115 3.01911 0.165612
9.12 3.01993 0.165567
9.125 3.02076 0.165521
9.13 3.02159 0.165476
9.135 3.02242 0.165431
9.14 3.02324 0.165385
9.145 3.02407 0.16534
9.15 3.0249 0.165295
9.155 3.02572 0.16525
9.16 3.02655 0.165205
9.165 3.02738 0.16516
9.17 3.0282 0.165115
9.175 3.02903 0.16507
9.18 3.02985 0.165025
9.185 3.03068 0.16498
9.19 3.0315 0.164935
9.195 3.03233 0.16489
9.2 3.03315 0.164845
9.205 3.03397 0.1648
9.21 3.0348 0.164756
9.215 3.03562 0.164711
9.22 3.03645 0.164666
9.225 3.03727 0.164622
9.23 3.03809 0.164577
9.235 3.03891 0.164532
9.24 3.03974 0.164488
9.245 3.04056 0.164443
9.25 3.04138 0.164399
9.255 3.0422 0.164355
9.26 3.04302 0.16431
9.265 3.04385 0.164266
9.27 3.04467 0.164222
9.275 3.04549 0.164177
9.28 3.04631 0.164133
9.285 3.04713 0.164089
9.29 3.04795 0.164045
9.295 3.04877 0.164001
9.3 3.04959 0.163956
9.305 3.05041 0.163912
9.31 3.05123 0.163868
9.315 3.05205 0.163824
9.32 3.05287 0.16378
9.325 3.05369 0.163737
9.33 3.0545 0.163693
9.335 3.05532 0.163649
9.34 3.05614 0.163605
9.345 3.05696 0.163561
9.35 3.05778 0.163517
9.355 3.05859 0.163474
9.36 3.05941 0.16343
9.365 3.06023 0.163386
9.37 3.06105 0.163343
9.375 3.06186 0.163299
9.38 3.06268 0.163256
9.385 3.06349 0.163212
9.39 3.06431 0.163169
9.395 3.06513 0.163125
9.4 3.06594 0.163082
9.405 3.06676 0.163039
9.41 3.06757 0.162995
9.415 3.06839 0.162952
9.42 3.0692 0.162909
9.425 3.07002 0.162866
9.43 3.07083 0.162822
9.435 3.07164 0.162779
9.44 3.07246 0.162736
9.445 3.07327 0.162693
9.45 3.07409 0.16265
9.455 3.0749 0.162607
9.46 3.07571 0.162564
9.465 3.07652 0.162521
9.47 3.07734 0.162478
9.475 3.07815 0.162435
9.48 3.07896 0.162392
9.485 3.07977 0.16235
9.49 3.08058 0.162307
9.495 3.0814 0.162264
9.5 3.08221 0.162221
9.505 3.08302 0.162179
9.51 3.08383 0.162136
9.515 3.08464 0.162094
9.52 3.08545 0.162051
9.525 3.08626 0.162008
9.53 3.08707 0.161966
9.535 3.08788 0.161923
9.54 3.08869 0.161881
9.545 3.0895 0.161839
9.55 3.09031 0.161796
9.555 3.09112 0.161754
9.56 3.09192 0.161712
9.565 3.09273 0.161669
9.57 3.09354 0.161627
9.575 3.09435 0.161585
9.58 3.09516 0.161543
9.585 3.09597 0.161501
9.59 3.09677 0.161458
9.595 3.09758 0.161416
9.6 3.09839 0.161374
9.605 3.09919 0.161332
9.61 3.1 0.16129
9.615 3.10081 0.161248
9.62 3.10161 0.161206
9.625 3.10242 0.161165
9.63 3.10322 0.161123
9.635 3.10403 0.161081
9.64 3.10483 0.161039
9.645 3.10564 0.160997
9.65 3.10644 0.160956
9.655 3.10725 0.160914
9.66 3.10805 0.160872
9.665 3.10886 0.160831
9.67 3.10966 0.160789
9.675 3.11047 0.160748
9.68 3.11127 0.160706
9.685 3.11207 0.160665
9.69 3.11288 0.160623
9.695 3.11368 0.160582
9.7 3.11448 0.16054
9.705 3.11528 0.160499
9.71 3.11609 0.160458
9.715 3.11689 0.160416
9.72 3.11769 0.160375
9.725 3.11849 0.160334
9.73 3.11929 0.160293
9.735 3.1201 0.160251
9.74 3.1209 0.16021
9.745 3.1217 0.160169
9.75 3.1225 0.160128
9.755 3.1233 0.160087
9.76 3.1241 0.160046
9.765 3.1249 0.160005
9.77 3.1257 0.159964
9.775 3.1265 0.159923
9.78 3.1273 0.159882
9.785 3.1281 0.159842
9.79 3.1289 0.159801
9.795 3.1297 0.15976
9.8 3.1305 0.159719
9.805 3.13129 0.159678
9.81 3.13209 0.159638
9.815 3.13289 0.159597
9.82 3.13369 0.159556
9.825 3.13449 0.159516
9.83 3.13528 0.159475
9.835 3.13608 0.159435
9.84 3.13688 0.159394
9.845 3.13767 0.159354
9.85 3.13847 0.159313
9.855 3.13927 0.159273
9.86 3.14006 0.159232
9.865 3.14086 0.159192
9.87 3.14166 0.159152
9.875 3.14245 0.159111
9.88 3.14325 0.159071
9.885 3.14404 0.159031
9.89 3.14484 0.158991
9.895 3.14563 0.158951
9.9 3.14643 0.15891
9.905 3.14722 0.15887
9.91 3.14802 0.15883
9.915 3.14881 0.15879
9.92 3.1496 0.15875
9.925 3.1504 0.15871
9.93 3.15119 0.15867
9.935 3.15198 0.15863
9.94 3.15278 0.15859
9.945 3.15357 0.15855
9.95 3.15436 0.158511
9.955 3.15515 0.158471
9.96 3.15595 0.158431
9.965 3.15674 0.158391
9.97 3.15753 0.158352
9.975 3.15832 0.158312
9.98 3.15911 0.158272
9.985 3.15991 0.158233
9.99 3.1607 0.158193
9.995 3.16149 0.158153
